=== OPTIMIZATION DEBUG: Robin ===
Time:   Thu Apr 02 09:20:10 EDT 2026
Start:  VT= 25.0%  VOO= 25.0%  VYM= 25.0%  SCHD= 25.0%
        utility = 0.093420

────────────────────────────────────────────────────────────────────────
Epoch 0  [startUtility=0.093420  feasible=4]
  VT+1%  VT= 26.0%  VOO= 24.7%  VYM= 24.7%  SCHD= 24.7%  util=0.093343  Δ=-0.000076
  VOO+1%  VT= 24.7%  VOO= 26.0%  VYM= 24.7%  SCHD= 24.7%  util=0.094024  Δ=+0.000605
  VYM+1%  VT= 24.7%  VOO= 24.7%  VYM= 26.0%  SCHD= 24.7%  util=0.093637  Δ=+0.000217
  SCHD+1%  VT= 24.7%  VOO= 24.7%  VYM= 24.7%  SCHD= 26.0%  util=0.092647  Δ=-0.000773
  ★ WINNER: VOO  improvement=+0.000605
────────────────────────────────────────────────────────────────────────
Epoch 1  [startUtility=0.094024  feasible=4]
  VT+1%  VT= 25.7%  VOO= 25.7%  VYM= 24.3%  SCHD= 24.3%  util=0.093941  Δ=-0.000084
  VOO+1%  VT= 24.3%  VOO= 27.0%  VYM= 24.3%  SCHD= 24.3%  util=0.094612  Δ=+0.000587
  VYM+1%  VT= 24.3%  VOO= 25.7%  VYM= 25.7%  SCHD= 24.3%  util=0.094255  Δ=+0.000230
  SCHD+1%  VT= 24.3%  VOO= 25.7%  VYM= 24.3%  SCHD= 25.7%  util=0.093267  Δ=-0.000758
  ★ WINNER: VOO  improvement=+0.000587
────────────────────────────────────────────────────────────────────────
Epoch 2  [startUtility=0.094612  feasible=4]
  VT+1%  VT= 25.3%  VOO= 26.7%  VYM= 24.0%  SCHD= 24.0%  util=0.094529  Δ=-0.000082
  VOO+1%  VT= 24.0%  VOO= 28.0%  VYM= 24.0%  SCHD= 24.0%  util=0.095197  Δ=+0.000585
  VYM+1%  VT= 24.0%  VOO= 26.7%  VYM= 25.3%  SCHD= 24.0%  util=0.094850  Δ=+0.000239
  SCHD+1%  VT= 24.0%  VOO= 26.7%  VYM= 24.0%  SCHD= 25.3%  util=0.093869  Δ=-0.000743
  ★ WINNER: VOO  improvement=+0.000585
────────────────────────────────────────────────────────────────────────
Epoch 3  [startUtility=0.095197  feasible=4]
  VT+1%  VT= 25.0%  VOO= 27.7%  VYM= 23.7%  SCHD= 23.7%  util=0.095112  Δ=-0.000084
  VOO+1%  VT= 23.7%  VOO= 29.0%  VYM= 23.7%  SCHD= 23.7%  util=0.095776  Δ=+0.000579
  VYM+1%  VT= 23.7%  VOO= 27.7%  VYM= 25.0%  SCHD= 23.7%  util=0.095437  Δ=+0.000240
  SCHD+1%  VT= 23.7%  VOO= 27.7%  VYM= 23.7%  SCHD= 25.0%  util=0.094456  Δ=-0.000740
  ★ WINNER: VOO  improvement=+0.000579
────────────────────────────────────────────────────────────────────────
Epoch 4  [startUtility=0.095776  feasible=4]
  VT+1%  VT= 24.7%  VOO= 28.7%  VYM= 23.3%  SCHD= 23.3%  util=0.095680  Δ=-0.000095
  VOO+1%  VT= 23.3%  VOO= 30.0%  VYM= 23.3%  SCHD= 23.3%  util=0.096341  Δ=+0.000565
  VYM+1%  VT= 23.3%  VOO= 28.7%  VYM= 24.7%  SCHD= 23.3%  util=0.096019  Δ=+0.000243
  SCHD+1%  VT= 23.3%  VOO= 28.7%  VYM= 23.3%  SCHD= 24.7%  util=0.095041  Δ=-0.000735
  ★ WINNER: VOO  improvement=+0.000565
────────────────────────────────────────────────────────────────────────
Epoch 5  [startUtility=0.096341  feasible=4]
  VT+1%  VT= 24.3%  VOO= 29.7%  VYM= 23.0%  SCHD= 23.0%  util=0.096242  Δ=-0.000099
  VOO+1%  VT= 23.0%  VOO= 31.0%  VYM= 23.0%  SCHD= 23.0%  util=0.096897  Δ=+0.000556
  VYM+1%  VT= 23.0%  VOO= 29.7%  VYM= 24.3%  SCHD= 23.0%  util=0.096596  Δ=+0.000255
  SCHD+1%  VT= 23.0%  VOO= 29.7%  VYM= 23.0%  SCHD= 24.3%  util=0.095614  Δ=-0.000726
  ★ WINNER: VOO  improvement=+0.000556
────────────────────────────────────────────────────────────────────────
Epoch 6  [startUtility=0.096897  feasible=4]
  VT+1%  VT= 24.0%  VOO= 30.7%  VYM= 22.7%  SCHD= 22.7%  util=0.096796  Δ=-0.000101
  VOO+1%  VT= 22.7%  VOO= 32.0%  VYM= 22.7%  SCHD= 22.7%  util=0.097451  Δ=+0.000554
  VYM+1%  VT= 22.7%  VOO= 30.7%  VYM= 24.0%  SCHD= 22.7%  util=0.097162  Δ=+0.000265
  SCHD+1%  VT= 22.7%  VOO= 30.7%  VYM= 22.7%  SCHD= 24.0%  util=0.096180  Δ=-0.000717
  ★ WINNER: VOO  improvement=+0.000554
────────────────────────────────────────────────────────────────────────
Epoch 7  [startUtility=0.097451  feasible=4]
  VT+1%  VT= 23.7%  VOO= 31.7%  VYM= 22.3%  SCHD= 22.3%  util=0.097349  Δ=-0.000103
  VOO+1%  VT= 22.3%  VOO= 33.0%  VYM= 22.3%  SCHD= 22.3%  util=0.097996  Δ=+0.000545
  VYM+1%  VT= 22.3%  VOO= 31.7%  VYM= 23.7%  SCHD= 22.3%  util=0.097715  Δ=+0.000264
  SCHD+1%  VT= 22.3%  VOO= 31.7%  VYM= 22.3%  SCHD= 23.7%  util=0.096736  Δ=-0.000715
  ★ WINNER: VOO  improvement=+0.000545
────────────────────────────────────────────────────────────────────────
Epoch 8  [startUtility=0.097996  feasible=4]
  VT+1%  VT= 23.3%  VOO= 32.7%  VYM= 22.0%  SCHD= 22.0%  util=0.097896  Δ=-0.000101
  VOO+1%  VT= 22.0%  VOO= 34.0%  VYM= 22.0%  SCHD= 22.0%  util=0.098543  Δ=+0.000547
  VYM+1%  VT= 22.0%  VOO= 32.7%  VYM= 23.3%  SCHD= 22.0%  util=0.098265  Δ=+0.000268
  SCHD+1%  VT= 22.0%  VOO= 32.7%  VYM= 22.0%  SCHD= 23.3%  util=0.097291  Δ=-0.000706
  ★ WINNER: VOO  improvement=+0.000547
────────────────────────────────────────────────────────────────────────
Epoch 9  [startUtility=0.098543  feasible=4]
  VT+1%  VT= 23.0%  VOO= 33.7%  VYM= 21.7%  SCHD= 21.7%  util=0.098450  Δ=-0.000093
  VOO+1%  VT= 21.7%  VOO= 35.0%  VYM= 21.7%  SCHD= 21.7%  util=0.099091  Δ=+0.000548
  VYM+1%  VT= 21.7%  VOO= 33.7%  VYM= 23.0%  SCHD= 21.7%  util=0.098805  Δ=+0.000262
  SCHD+1%  VT= 21.7%  VOO= 33.7%  VYM= 21.7%  SCHD= 23.0%  util=0.097835  Δ=-0.000708
  ★ WINNER: VOO  improvement=+0.000548
────────────────────────────────────────────────────────────────────────
Epoch 10  [startUtility=0.099091  feasible=4]
  VT+1%  VT= 22.7%  VOO= 34.7%  VYM= 21.3%  SCHD= 21.3%  util=0.098991  Δ=-0.000100
  VOO+1%  VT= 21.3%  VOO= 36.0%  VYM= 21.3%  SCHD= 21.3%  util=0.099625  Δ=+0.000534
  VYM+1%  VT= 21.3%  VOO= 34.7%  VYM= 22.7%  SCHD= 21.3%  util=0.099350  Δ=+0.000259
  SCHD+1%  VT= 21.3%  VOO= 34.7%  VYM= 21.3%  SCHD= 22.7%  util=0.098382  Δ=-0.000709
  ★ WINNER: VOO  improvement=+0.000534
────────────────────────────────────────────────────────────────────────
Epoch 11  [startUtility=0.099625  feasible=4]
  VT+1%  VT= 22.3%  VOO= 35.7%  VYM= 21.0%  SCHD= 21.0%  util=0.099527  Δ=-0.000098
  VOO+1%  VT= 21.0%  VOO= 37.0%  VYM= 21.0%  SCHD= 21.0%  util=0.100159  Δ=+0.000534
  VYM+1%  VT= 21.0%  VOO= 35.7%  VYM= 22.3%  SCHD= 21.0%  util=0.099891  Δ=+0.000266
  SCHD+1%  VT= 21.0%  VOO= 35.7%  VYM= 21.0%  SCHD= 22.3%  util=0.098925  Δ=-0.000699
  ★ WINNER: VOO  improvement=+0.000534
────────────────────────────────────────────────────────────────────────
Epoch 12  [startUtility=0.100159  feasible=4]
  VT+1%  VT= 22.0%  VOO= 36.7%  VYM= 20.7%  SCHD= 20.7%  util=0.100051  Δ=-0.000107
  VOO+1%  VT= 20.7%  VOO= 38.0%  VYM= 20.7%  SCHD= 20.7%  util=0.100680  Δ=+0.000522
  VYM+1%  VT= 20.7%  VOO= 36.7%  VYM= 22.0%  SCHD= 20.7%  util=0.100424  Δ=+0.000265
  SCHD+1%  VT= 20.7%  VOO= 36.7%  VYM= 20.7%  SCHD= 22.0%  util=0.099458  Δ=-0.000701
  ★ WINNER: VOO  improvement=+0.000522
────────────────────────────────────────────────────────────────────────
Epoch 13  [startUtility=0.100680  feasible=4]
  VT+1%  VT= 21.7%  VOO= 37.7%  VYM= 20.3%  SCHD= 20.3%  util=0.100573  Δ=-0.000108
  VOO+1%  VT= 20.3%  VOO= 39.0%  VYM= 20.3%  SCHD= 20.3%  util=0.101200  Δ=+0.000520
  VYM+1%  VT= 20.3%  VOO= 37.7%  VYM= 21.7%  SCHD= 20.3%  util=0.100955  Δ=+0.000274
  SCHD+1%  VT= 20.3%  VOO= 37.7%  VYM= 20.3%  SCHD= 21.7%  util=0.099990  Δ=-0.000690
  ★ WINNER: VOO  improvement=+0.000520
────────────────────────────────────────────────────────────────────────
Epoch 14  [startUtility=0.101200  feasible=4]
  VT+1%  VT= 21.3%  VOO= 38.7%  VYM= 20.0%  SCHD= 20.0%  util=0.101094  Δ=-0.000106
  VOO+1%  VT= 20.0%  VOO= 40.0%  VYM= 20.0%  SCHD= 20.0%  util=0.101716  Δ=+0.000516
  VYM+1%  VT= 20.0%  VOO= 38.7%  VYM= 21.3%  SCHD= 20.0%  util=0.101474  Δ=+0.000274
  SCHD+1%  VT= 20.0%  VOO= 38.7%  VYM= 20.0%  SCHD= 21.3%  util=0.100512  Δ=-0.000688
  ★ WINNER: VOO  improvement=+0.000516
────────────────────────────────────────────────────────────────────────
Epoch 15  [startUtility=0.101716  feasible=4]
  VT+1%  VT= 21.0%  VOO= 39.7%  VYM= 19.7%  SCHD= 19.7%  util=0.101613  Δ=-0.000103
  VOO+1%  VT= 19.7%  VOO= 41.0%  VYM= 19.7%  SCHD= 19.7%  util=0.102234  Δ=+0.000518
  VYM+1%  VT= 19.7%  VOO= 39.7%  VYM= 21.0%  SCHD= 19.7%  util=0.101989  Δ=+0.000273
  SCHD+1%  VT= 19.7%  VOO= 39.7%  VYM= 19.7%  SCHD= 21.0%  util=0.101030  Δ=-0.000686
  ★ WINNER: VOO  improvement=+0.000518
────────────────────────────────────────────────────────────────────────
Epoch 16  [startUtility=0.102234  feasible=4]
  VT+1%  VT= 20.7%  VOO= 40.7%  VYM= 19.3%  SCHD= 19.3%  util=0.102130  Δ=-0.000103
  VOO+1%  VT= 19.3%  VOO= 42.0%  VYM= 19.3%  SCHD= 19.3%  util=0.102751  Δ=+0.000517
  VYM+1%  VT= 19.3%  VOO= 40.7%  VYM= 20.7%  SCHD= 19.3%  util=0.102504  Δ=+0.000271
  SCHD+1%  VT= 19.3%  VOO= 40.7%  VYM= 19.3%  SCHD= 20.7%  util=0.101546  Δ=-0.000687
  ★ WINNER: VOO  improvement=+0.000517
────────────────────────────────────────────────────────────────────────
Epoch 17  [startUtility=0.102751  feasible=4]
  VT+1%  VT= 20.3%  VOO= 41.7%  VYM= 19.0%  SCHD= 19.0%  util=0.102633  Δ=-0.000118
  VOO+1%  VT= 19.0%  VOO= 43.0%  VYM= 19.0%  SCHD= 19.0%  util=0.103252  Δ=+0.000501
  VYM+1%  VT= 19.0%  VOO= 41.7%  VYM= 20.3%  SCHD= 19.0%  util=0.103019  Δ=+0.000268
  SCHD+1%  VT= 19.0%  VOO= 41.7%  VYM= 19.0%  SCHD= 20.3%  util=0.102064  Δ=-0.000687
  ★ WINNER: VOO  improvement=+0.000501
────────────────────────────────────────────────────────────────────────
Epoch 18  [startUtility=0.103252  feasible=4]
  VT+1%  VT= 20.0%  VOO= 42.7%  VYM= 18.7%  SCHD= 18.7%  util=0.103133  Δ=-0.000118
  VOO+1%  VT= 18.7%  VOO= 44.0%  VYM= 18.7%  SCHD= 18.7%  util=0.103751  Δ=+0.000499
  VYM+1%  VT= 18.7%  VOO= 42.7%  VYM= 20.0%  SCHD= 18.7%  util=0.103535  Δ=+0.000284
  SCHD+1%  VT= 18.7%  VOO= 42.7%  VYM= 18.7%  SCHD= 20.0%  util=0.102584  Δ=-0.000668
  ★ WINNER: VOO  improvement=+0.000499
────────────────────────────────────────────────────────────────────────
Epoch 19  [startUtility=0.103751  feasible=4]
  VT+1%  VT= 19.7%  VOO= 43.7%  VYM= 18.3%  SCHD= 18.3%  util=0.103634  Δ=-0.000117
  VOO+1%  VT= 18.3%  VOO= 45.0%  VYM= 18.3%  SCHD= 18.3%  util=0.104247  Δ=+0.000497
  VYM+1%  VT= 18.3%  VOO= 43.7%  VYM= 19.7%  SCHD= 18.3%  util=0.104037  Δ=+0.000286
  SCHD+1%  VT= 18.3%  VOO= 43.7%  VYM= 18.3%  SCHD= 19.7%  util=0.103085  Δ=-0.000666
  ★ WINNER: VOO  improvement=+0.000497
────────────────────────────────────────────────────────────────────────
Epoch 20  [startUtility=0.104247  feasible=4]
  VT+1%  VT= 19.3%  VOO= 44.7%  VYM= 18.0%  SCHD= 18.0%  util=0.104128  Δ=-0.000119
  VOO+1%  VT= 18.0%  VOO= 46.0%  VYM= 18.0%  SCHD= 18.0%  util=0.104739  Δ=+0.000492
  VYM+1%  VT= 18.0%  VOO= 44.7%  VYM= 19.3%  SCHD= 18.0%  util=0.104534  Δ=+0.000287
  SCHD+1%  VT= 18.0%  VOO= 44.7%  VYM= 18.0%  SCHD= 19.3%  util=0.103583  Δ=-0.000665
  ★ WINNER: VOO  improvement=+0.000492
────────────────────────────────────────────────────────────────────────
Epoch 21  [startUtility=0.104739  feasible=4]
  VT+1%  VT= 19.0%  VOO= 45.7%  VYM= 17.7%  SCHD= 17.7%  util=0.104617  Δ=-0.000122
  VOO+1%  VT= 17.7%  VOO= 47.0%  VYM= 17.7%  SCHD= 17.7%  util=0.105225  Δ=+0.000486
  VYM+1%  VT= 17.7%  VOO= 45.7%  VYM= 19.0%  SCHD= 17.7%  util=0.105023  Δ=+0.000284
  SCHD+1%  VT= 17.7%  VOO= 45.7%  VYM= 17.7%  SCHD= 19.0%  util=0.104077  Δ=-0.000662
  ★ WINNER: VOO  improvement=+0.000486
────────────────────────────────────────────────────────────────────────
Epoch 22  [startUtility=0.105225  feasible=4]
  VT+1%  VT= 18.7%  VOO= 46.7%  VYM= 17.3%  SCHD= 17.3%  util=0.105100  Δ=-0.000125
  VOO+1%  VT= 17.3%  VOO= 48.0%  VYM= 17.3%  SCHD= 17.3%  util=0.105708  Δ=+0.000482
  VYM+1%  VT= 17.3%  VOO= 46.7%  VYM= 18.7%  SCHD= 17.3%  util=0.105513  Δ=+0.000288
  SCHD+1%  VT= 17.3%  VOO= 46.7%  VYM= 17.3%  SCHD= 18.7%  util=0.104571  Δ=-0.000655
  ★ WINNER: VOO  improvement=+0.000482
────────────────────────────────────────────────────────────────────────
Epoch 23  [startUtility=0.105708  feasible=4]
  VT+1%  VT= 18.3%  VOO= 47.7%  VYM= 17.0%  SCHD= 17.0%  util=0.105580  Δ=-0.000128
  VOO+1%  VT= 17.0%  VOO= 49.0%  VYM= 17.0%  SCHD= 17.0%  util=0.106183  Δ=+0.000475
  VYM+1%  VT= 17.0%  VOO= 47.7%  VYM= 18.3%  SCHD= 17.0%  util=0.105998  Δ=+0.000290
  SCHD+1%  VT= 17.0%  VOO= 47.7%  VYM= 17.0%  SCHD= 18.3%  util=0.105061  Δ=-0.000647
  ★ WINNER: VOO  improvement=+0.000475
────────────────────────────────────────────────────────────────────────
Epoch 24  [startUtility=0.106183  feasible=4]
  VT+1%  VT= 18.0%  VOO= 48.7%  VYM= 16.7%  SCHD= 16.7%  util=0.106054  Δ=-0.000128
  VOO+1%  VT= 16.7%  VOO= 50.0%  VYM= 16.7%  SCHD= 16.7%  util=0.106648  Δ=+0.000466
  VYM+1%  VT= 16.7%  VOO= 48.7%  VYM= 18.0%  SCHD= 16.7%  util=0.106477  Δ=+0.000295
  SCHD+1%  VT= 16.7%  VOO= 48.7%  VYM= 16.7%  SCHD= 18.0%  util=0.105543  Δ=-0.000639
  ★ WINNER: VOO  improvement=+0.000466
────────────────────────────────────────────────────────────────────────
Epoch 25  [startUtility=0.106648  feasible=4]
  VT+1%  VT= 17.7%  VOO= 49.7%  VYM= 16.3%  SCHD= 16.3%  util=0.106518  Δ=-0.000131
  VOO+1%  VT= 16.3%  VOO= 51.0%  VYM= 16.3%  SCHD= 16.3%  util=0.107109  Δ=+0.000460
  VYM+1%  VT= 16.3%  VOO= 49.7%  VYM= 17.7%  SCHD= 16.3%  util=0.106949  Δ=+0.000301
  SCHD+1%  VT= 16.3%  VOO= 49.7%  VYM= 16.3%  SCHD= 17.7%  util=0.106018  Δ=-0.000631
  ★ WINNER: VOO  improvement=+0.000460
────────────────────────────────────────────────────────────────────────
Epoch 26  [startUtility=0.107109  feasible=4]
  VT+1%  VT= 17.3%  VOO= 50.7%  VYM= 16.0%  SCHD= 16.0%  util=0.106980  Δ=-0.000128
  VOO+1%  VT= 16.0%  VOO= 52.0%  VYM= 16.0%  SCHD= 16.0%  util=0.107571  Δ=+0.000462
  VYM+1%  VT= 16.0%  VOO= 50.7%  VYM= 17.3%  SCHD= 16.0%  util=0.107409  Δ=+0.000300
  SCHD+1%  VT= 16.0%  VOO= 50.7%  VYM= 16.0%  SCHD= 17.3%  util=0.106481  Δ=-0.000627
  ★ WINNER: VOO  improvement=+0.000462
────────────────────────────────────────────────────────────────────────
Epoch 27  [startUtility=0.107571  feasible=4]
  VT+1%  VT= 17.0%  VOO= 51.7%  VYM= 15.7%  SCHD= 15.7%  util=0.107439  Δ=-0.000132
  VOO+1%  VT= 15.7%  VOO= 53.0%  VYM= 15.7%  SCHD= 15.7%  util=0.108033  Δ=+0.000462
  VYM+1%  VT= 15.7%  VOO= 51.7%  VYM= 17.0%  SCHD= 15.7%  util=0.107867  Δ=+0.000296
  SCHD+1%  VT= 15.7%  VOO= 51.7%  VYM= 15.7%  SCHD= 17.0%  util=0.106940  Δ=-0.000631
  ★ WINNER: VOO  improvement=+0.000462
────────────────────────────────────────────────────────────────────────
Epoch 28  [startUtility=0.108033  feasible=4]
  VT+1%  VT= 16.7%  VOO= 52.7%  VYM= 15.3%  SCHD= 15.3%  util=0.107894  Δ=-0.000140
  VOO+1%  VT= 15.3%  VOO= 54.0%  VYM= 15.3%  SCHD= 15.3%  util=0.108491  Δ=+0.000457
  VYM+1%  VT= 15.3%  VOO= 52.7%  VYM= 16.7%  SCHD= 15.3%  util=0.108328  Δ=+0.000295
  SCHD+1%  VT= 15.3%  VOO= 52.7%  VYM= 15.3%  SCHD= 16.7%  util=0.107401  Δ=-0.000632
  ★ WINNER: VOO  improvement=+0.000457
────────────────────────────────────────────────────────────────────────
Epoch 29  [startUtility=0.108491  feasible=4]
  VT+1%  VT= 16.3%  VOO= 53.7%  VYM= 15.0%  SCHD= 15.0%  util=0.108347  Δ=-0.000144
  VOO+1%  VT= 15.0%  VOO= 55.0%  VYM= 15.0%  SCHD= 15.0%  util=0.108943  Δ=+0.000452
  VYM+1%  VT= 15.0%  VOO= 53.7%  VYM= 16.3%  SCHD= 15.0%  util=0.108790  Δ=+0.000299
  SCHD+1%  VT= 15.0%  VOO= 53.7%  VYM= 15.0%  SCHD= 16.3%  util=0.107862  Δ=-0.000629
  ★ WINNER: VOO  improvement=+0.000452
────────────────────────────────────────────────────────────────────────
Epoch 30  [startUtility=0.108943  feasible=4]
  VT+1%  VT= 16.0%  VOO= 54.7%  VYM= 14.7%  SCHD= 14.7%  util=0.108801  Δ=-0.000143
  VOO+1%  VT= 14.7%  VOO= 56.0%  VYM= 14.7%  SCHD= 14.7%  util=0.109391  Δ=+0.000448
  VYM+1%  VT= 14.7%  VOO= 54.7%  VYM= 16.0%  SCHD= 14.7%  util=0.109245  Δ=+0.000302
  SCHD+1%  VT= 14.7%  VOO= 54.7%  VYM= 14.7%  SCHD= 16.0%  util=0.108322  Δ=-0.000621
  ★ WINNER: VOO  improvement=+0.000448
────────────────────────────────────────────────────────────────────────
Epoch 31  [startUtility=0.109391  feasible=4]
  VT+1%  VT= 15.7%  VOO= 55.7%  VYM= 14.3%  SCHD= 14.3%  util=0.109255  Δ=-0.000136
  VOO+1%  VT= 14.3%  VOO= 57.0%  VYM= 14.3%  SCHD= 14.3%  util=0.109841  Δ=+0.000451
  VYM+1%  VT= 14.3%  VOO= 55.7%  VYM= 15.7%  SCHD= 14.3%  util=0.109695  Δ=+0.000304
  SCHD+1%  VT= 14.3%  VOO= 55.7%  VYM= 14.3%  SCHD= 15.7%  util=0.108781  Δ=-0.000610
  ★ WINNER: VOO  improvement=+0.000451
────────────────────────────────────────────────────────────────────────
Epoch 32  [startUtility=0.109841  feasible=4]
  VT+1%  VT= 15.3%  VOO= 56.7%  VYM= 14.0%  SCHD= 14.0%  util=0.109709  Δ=-0.000133
  VOO+1%  VT= 14.0%  VOO= 58.0%  VYM= 14.0%  SCHD= 14.0%  util=0.110288  Δ=+0.000447
  VYM+1%  VT= 14.0%  VOO= 56.7%  VYM= 15.3%  SCHD= 14.0%  util=0.110144  Δ=+0.000302
  SCHD+1%  VT= 14.0%  VOO= 56.7%  VYM= 14.0%  SCHD= 15.3%  util=0.109231  Δ=-0.000610
  ★ WINNER: VOO  improvement=+0.000447
────────────────────────────────────────────────────────────────────────
Epoch 33  [startUtility=0.110288  feasible=4]
  VT+1%  VT= 15.0%  VOO= 57.7%  VYM= 13.7%  SCHD= 13.7%  util=0.110156  Δ=-0.000132
  VOO+1%  VT= 13.7%  VOO= 59.0%  VYM= 13.7%  SCHD= 13.7%  util=0.110732  Δ=+0.000444
  VYM+1%  VT= 13.7%  VOO= 57.7%  VYM= 15.0%  SCHD= 13.7%  util=0.110587  Δ=+0.000299
  SCHD+1%  VT= 13.7%  VOO= 57.7%  VYM= 13.7%  SCHD= 15.0%  util=0.109683  Δ=-0.000605
  ★ WINNER: VOO  improvement=+0.000444
────────────────────────────────────────────────────────────────────────
Epoch 34  [startUtility=0.110732  feasible=4]
  VT+1%  VT= 14.7%  VOO= 58.7%  VYM= 13.3%  SCHD= 13.3%  util=0.110601  Δ=-0.000131
  VOO+1%  VT= 13.3%  VOO= 60.0%  VYM= 13.3%  SCHD= 13.3%  util=0.111171  Δ=+0.000439
  VYM+1%  VT= 13.3%  VOO= 58.7%  VYM= 14.7%  SCHD= 13.3%  util=0.111030  Δ=+0.000298
  SCHD+1%  VT= 13.3%  VOO= 58.7%  VYM= 13.3%  SCHD= 14.7%  util=0.110129  Δ=-0.000603
  ★ WINNER: VOO  improvement=+0.000439
────────────────────────────────────────────────────────────────────────
Epoch 35  [startUtility=0.111171  feasible=4]
  VT+1%  VT= 14.3%  VOO= 59.7%  VYM= 13.0%  SCHD= 13.0%  util=0.111042  Δ=-0.000129
  VOO+1%  VT= 13.0%  VOO= 61.0%  VYM= 13.0%  SCHD= 13.0%  util=0.111611  Δ=+0.000440
  VYM+1%  VT= 13.0%  VOO= 59.7%  VYM= 14.3%  SCHD= 13.0%  util=0.111468  Δ=+0.000297
  SCHD+1%  VT= 13.0%  VOO= 59.7%  VYM= 13.0%  SCHD= 14.3%  util=0.110569  Δ=-0.000602
  ★ WINNER: VOO  improvement=+0.000440
────────────────────────────────────────────────────────────────────────
Epoch 36  [startUtility=0.111611  feasible=4]
  VT+1%  VT= 14.0%  VOO= 60.7%  VYM= 12.7%  SCHD= 12.7%  util=0.111483  Δ=-0.000127
  VOO+1%  VT= 12.7%  VOO= 62.0%  VYM= 12.7%  SCHD= 12.7%  util=0.112050  Δ=+0.000439
  VYM+1%  VT= 12.7%  VOO= 60.7%  VYM= 14.0%  SCHD= 12.7%  util=0.111906  Δ=+0.000296
  SCHD+1%  VT= 12.7%  VOO= 60.7%  VYM= 12.7%  SCHD= 14.0%  util=0.111010  Δ=-0.000601
  ★ WINNER: VOO  improvement=+0.000439
────────────────────────────────────────────────────────────────────────
Epoch 37  [startUtility=0.112050  feasible=4]
  VT+1%  VT= 13.7%  VOO= 61.7%  VYM= 12.3%  SCHD= 12.3%  util=0.111921  Δ=-0.000129
  VOO+1%  VT= 12.3%  VOO= 63.0%  VYM= 12.3%  SCHD= 12.3%  util=0.112484  Δ=+0.000434
  VYM+1%  VT= 12.3%  VOO= 61.7%  VYM= 13.7%  SCHD= 12.3%  util=0.112348  Δ=+0.000298
  SCHD+1%  VT= 12.3%  VOO= 61.7%  VYM= 12.3%  SCHD= 13.7%  util=0.111449  Δ=-0.000601
  ★ WINNER: VOO  improvement=+0.000434
────────────────────────────────────────────────────────────────────────
Epoch 38  [startUtility=0.112484  feasible=4]
  VT+1%  VT= 13.3%  VOO= 62.7%  VYM= 12.0%  SCHD= 12.0%  util=0.112356  Δ=-0.000128
  VOO+1%  VT= 12.0%  VOO= 64.0%  VYM= 12.0%  SCHD= 12.0%  util=0.112914  Δ=+0.000430
  VYM+1%  VT= 12.0%  VOO= 62.7%  VYM= 13.3%  SCHD= 12.0%  util=0.112782  Δ=+0.000298
  SCHD+1%  VT= 12.0%  VOO= 62.7%  VYM= 12.0%  SCHD= 13.3%  util=0.111887  Δ=-0.000597
  ★ WINNER: VOO  improvement=+0.000430
────────────────────────────────────────────────────────────────────────
Epoch 39  [startUtility=0.112914  feasible=4]
  VT+1%  VT= 13.0%  VOO= 63.7%  VYM= 11.7%  SCHD= 11.7%  util=0.112788  Δ=-0.000127
  VOO+1%  VT= 11.7%  VOO= 65.0%  VYM= 11.7%  SCHD= 11.7%  util=0.113344  Δ=+0.000429
  VYM+1%  VT= 11.7%  VOO= 63.7%  VYM= 13.0%  SCHD= 11.7%  util=0.113209  Δ=+0.000295
  SCHD+1%  VT= 11.7%  VOO= 63.7%  VYM= 11.7%  SCHD= 13.0%  util=0.112321  Δ=-0.000593
  ★ WINNER: VOO  improvement=+0.000429
────────────────────────────────────────────────────────────────────────
Epoch 40  [startUtility=0.113344  feasible=4]
  VT+1%  VT= 12.7%  VOO= 64.7%  VYM= 11.3%  SCHD= 11.3%  util=0.113218  Δ=-0.000126
  VOO+1%  VT= 11.3%  VOO= 66.0%  VYM= 11.3%  SCHD= 11.3%  util=0.113774  Δ=+0.000430
  VYM+1%  VT= 11.3%  VOO= 64.7%  VYM= 12.7%  SCHD= 11.3%  util=0.113635  Δ=+0.000292
  SCHD+1%  VT= 11.3%  VOO= 64.7%  VYM= 11.3%  SCHD= 12.7%  util=0.112751  Δ=-0.000593
  ★ WINNER: VOO  improvement=+0.000430
────────────────────────────────────────────────────────────────────────
Epoch 41  [startUtility=0.113774  feasible=4]
  VT+1%  VT= 12.3%  VOO= 65.7%  VYM= 11.0%  SCHD= 11.0%  util=0.113648  Δ=-0.000126
  VOO+1%  VT= 11.0%  VOO= 67.0%  VYM= 11.0%  SCHD= 11.0%  util=0.114203  Δ=+0.000430
  VYM+1%  VT= 11.0%  VOO= 65.7%  VYM= 12.3%  SCHD= 11.0%  util=0.114063  Δ=+0.000289
  SCHD+1%  VT= 11.0%  VOO= 65.7%  VYM= 11.0%  SCHD= 12.3%  util=0.113181  Δ=-0.000593
  ★ WINNER: VOO  improvement=+0.000430
────────────────────────────────────────────────────────────────────────
Epoch 42  [startUtility=0.114203  feasible=4]
  VT+1%  VT= 12.0%  VOO= 66.7%  VYM= 10.7%  SCHD= 10.7%  util=0.114076  Δ=-0.000127
  VOO+1%  VT= 10.7%  VOO= 68.0%  VYM= 10.7%  SCHD= 10.7%  util=0.114634  Δ=+0.000430
  VYM+1%  VT= 10.7%  VOO= 66.7%  VYM= 12.0%  SCHD= 10.7%  util=0.114491  Δ=+0.000288
  SCHD+1%  VT= 10.7%  VOO= 66.7%  VYM= 10.7%  SCHD= 12.0%  util=0.113611  Δ=-0.000593
  ★ WINNER: VOO  improvement=+0.000430
────────────────────────────────────────────────────────────────────────
Epoch 43  [startUtility=0.114634  feasible=4]
  VT+1%  VT= 11.7%  VOO= 67.7%  VYM= 10.3%  SCHD= 10.3%  util=0.114505  Δ=-0.000129
  VOO+1%  VT= 10.3%  VOO= 69.0%  VYM= 10.3%  SCHD= 10.3%  util=0.115062  Δ=+0.000428
  VYM+1%  VT= 10.3%  VOO= 67.7%  VYM= 11.7%  SCHD= 10.3%  util=0.114921  Δ=+0.000287
  SCHD+1%  VT= 10.3%  VOO= 67.7%  VYM= 10.3%  SCHD= 11.7%  util=0.114041  Δ=-0.000593
  ★ WINNER: VOO  improvement=+0.000428
────────────────────────────────────────────────────────────────────────
Epoch 44  [startUtility=0.115062  feasible=4]
  VT+1%  VT= 11.3%  VOO= 68.7%  VYM= 10.0%  SCHD= 10.0%  util=0.114933  Δ=-0.000129
  VOO+1%  VT= 10.0%  VOO= 70.0%  VYM= 10.0%  SCHD= 10.0%  util=0.115490  Δ=+0.000428
  VYM+1%  VT= 10.0%  VOO= 68.7%  VYM= 11.3%  SCHD= 10.0%  util=0.115350  Δ=+0.000288
  SCHD+1%  VT= 10.0%  VOO= 68.7%  VYM= 10.0%  SCHD= 11.3%  util=0.114471  Δ=-0.000591
  ★ WINNER: VOO  improvement=+0.000428
────────────────────────────────────────────────────────────────────────
Epoch 45  [startUtility=0.115490  feasible=4]
  VT+1%  VT= 11.0%  VOO= 69.7%  VYM=  9.7%  SCHD=  9.7%  util=0.115361  Δ=-0.000129
  VOO+1%  VT=  9.7%  VOO= 71.0%  VYM=  9.7%  SCHD=  9.7%  util=0.115918  Δ=+0.000428
  VYM+1%  VT=  9.7%  VOO= 69.7%  VYM= 11.0%  SCHD=  9.7%  util=0.115777  Δ=+0.000287
  SCHD+1%  VT=  9.7%  VOO= 69.7%  VYM=  9.7%  SCHD= 11.0%  util=0.114901  Δ=-0.000589
  ★ WINNER: VOO  improvement=+0.000428
────────────────────────────────────────────────────────────────────────
Epoch 46  [startUtility=0.115918  feasible=4]
  VT+1%  VT= 10.7%  VOO= 70.7%  VYM=  9.3%  SCHD=  9.3%  util=0.115790  Δ=-0.000128
  VOO+1%  VT=  9.3%  VOO= 72.0%  VYM=  9.3%  SCHD=  9.3%  util=0.116347  Δ=+0.000429
  VYM+1%  VT=  9.3%  VOO= 70.7%  VYM= 10.7%  SCHD=  9.3%  util=0.116205  Δ=+0.000287
  SCHD+1%  VT=  9.3%  VOO= 70.7%  VYM=  9.3%  SCHD= 10.7%  util=0.115331  Δ=-0.000587
  ★ WINNER: VOO  improvement=+0.000429
────────────────────────────────────────────────────────────────────────
Epoch 47  [startUtility=0.116347  feasible=4]
  VT+1%  VT= 10.3%  VOO= 71.7%  VYM=  9.0%  SCHD=  9.0%  util=0.116222  Δ=-0.000126
  VOO+1%  VT=  9.0%  VOO= 73.0%  VYM=  9.0%  SCHD=  9.0%  util=0.116778  Δ=+0.000431
  VYM+1%  VT=  9.0%  VOO= 71.7%  VYM= 10.3%  SCHD=  9.0%  util=0.116633  Δ=+0.000286
  SCHD+1%  VT=  9.0%  VOO= 71.7%  VYM=  9.0%  SCHD= 10.3%  util=0.115759  Δ=-0.000588
  ★ WINNER: VOO  improvement=+0.000431
────────────────────────────────────────────────────────────────────────
Epoch 48  [startUtility=0.116778  feasible=4]
  VT+1%  VT= 10.0%  VOO= 72.7%  VYM=  8.7%  SCHD=  8.7%  util=0.116652  Δ=-0.000127
  VOO+1%  VT=  8.7%  VOO= 74.0%  VYM=  8.7%  SCHD=  8.7%  util=0.117208  Δ=+0.000430
  VYM+1%  VT=  8.7%  VOO= 72.7%  VYM= 10.0%  SCHD=  8.7%  util=0.117062  Δ=+0.000283
  SCHD+1%  VT=  8.7%  VOO= 72.7%  VYM=  8.7%  SCHD= 10.0%  util=0.116188  Δ=-0.000590
  ★ WINNER: VOO  improvement=+0.000430
────────────────────────────────────────────────────────────────────────
Epoch 49  [startUtility=0.117208  feasible=3]
  VT+1%  VT=  9.7%  VOO= 73.7%  VYM=  8.3%  SCHD=  8.3%  util=0.117083  Δ=-0.000125
  VYM+1%  VT=  8.3%  VOO= 73.7%  VYM=  9.7%  SCHD=  8.3%  util=0.117491  Δ=+0.000283
  SCHD+1%  VT=  8.3%  VOO= 73.7%  VYM=  8.3%  SCHD=  9.7%  util=0.116621  Δ=-0.000587
  ★ WINNER: VYM  improvement=+0.000283
────────────────────────────────────────────────────────────────────────
Epoch 50  [startUtility=0.117491  feasible=4]
  VT+1%  VT=  9.3%  VOO= 73.3%  VYM=  9.3%  SCHD=  8.0%  util=0.117365  Δ=-0.000126
  VOO+1%  VT=  8.0%  VOO= 74.7%  VYM=  9.3%  SCHD=  8.0%  util=0.117921  Δ=+0.000430
  VYM+1%  VT=  8.0%  VOO= 73.3%  VYM= 10.7%  SCHD=  8.0%  util=0.117777  Δ=+0.000285
  SCHD+1%  VT=  8.0%  VOO= 73.3%  VYM=  9.3%  SCHD=  9.3%  util=0.116903  Δ=-0.000588
  ★ WINNER: VOO  improvement=+0.000430
────────────────────────────────────────────────────────────────────────
Epoch 51  [startUtility=0.117921  feasible=3]
  VT+1%  VT=  9.0%  VOO= 74.3%  VYM=  9.0%  SCHD=  7.7%  util=0.117795  Δ=-0.000126
  VYM+1%  VT=  7.7%  VOO= 74.3%  VYM= 10.3%  SCHD=  7.7%  util=0.118204  Δ=+0.000283
  SCHD+1%  VT=  7.7%  VOO= 74.3%  VYM=  9.0%  SCHD=  9.0%  util=0.117334  Δ=-0.000587
  ★ WINNER: VYM  improvement=+0.000283
────────────────────────────────────────────────────────────────────────
Epoch 52  [startUtility=0.118204  feasible=3]
  VT+1%  VT=  8.7%  VOO= 74.0%  VYM= 10.0%  SCHD=  7.3%  util=0.118078  Δ=-0.000126
  VYM+1%  VT=  7.3%  VOO= 74.0%  VYM= 11.3%  SCHD=  7.3%  util=0.118491  Δ=+0.000287
  SCHD+1%  VT=  7.3%  VOO= 74.0%  VYM= 10.0%  SCHD=  8.7%  util=0.117618  Δ=-0.000586
  ★ WINNER: VYM  improvement=+0.000287
────────────────────────────────────────────────────────────────────────
Epoch 53  [startUtility=0.118491  feasible=3]
  VT+1%  VT=  8.3%  VOO= 73.7%  VYM= 11.0%  SCHD=  7.0%  util=0.118361  Δ=-0.000130
  VYM+1%  VT=  7.0%  VOO= 73.7%  VYM= 12.3%  SCHD=  7.0%  util=0.118777  Δ=+0.000286
  SCHD+1%  VT=  7.0%  VOO= 73.7%  VYM= 11.0%  SCHD=  8.3%  util=0.117904  Δ=-0.000587
  ★ WINNER: VYM  improvement=+0.000286
────────────────────────────────────────────────────────────────────────
Epoch 54  [startUtility=0.118777  feasible=4]
  VT+1%  VT=  8.0%  VOO= 73.3%  VYM= 12.0%  SCHD=  6.7%  util=0.118649  Δ=-0.000129
  VOO+1%  VT=  6.7%  VOO= 74.7%  VYM= 12.0%  SCHD=  6.7%  util=0.119204  Δ=+0.000427
  VYM+1%  VT=  6.7%  VOO= 73.3%  VYM= 13.3%  SCHD=  6.7%  util=0.119064  Δ=+0.000287
  SCHD+1%  VT=  6.7%  VOO= 73.3%  VYM= 12.0%  SCHD=  8.0%  util=0.118191  Δ=-0.000586
  ★ WINNER: VOO  improvement=+0.000427
────────────────────────────────────────────────────────────────────────
Epoch 55  [startUtility=0.119204  feasible=3]
  VT+1%  VT=  7.7%  VOO= 74.3%  VYM= 11.7%  SCHD=  6.3%  util=0.119074  Δ=-0.000130
  VYM+1%  VT=  6.3%  VOO= 74.3%  VYM= 13.0%  SCHD=  6.3%  util=0.119492  Δ=+0.000288
  SCHD+1%  VT=  6.3%  VOO= 74.3%  VYM= 11.7%  SCHD=  7.7%  util=0.118618  Δ=-0.000586
  ★ WINNER: VYM  improvement=+0.000288
────────────────────────────────────────────────────────────────────────
Epoch 56  [startUtility=0.119492  feasible=3]
  VT+1%  VT=  7.3%  VOO= 74.0%  VYM= 12.7%  SCHD=  6.0%  util=0.119362  Δ=-0.000130
  VYM+1%  VT=  6.0%  VOO= 74.0%  VYM= 14.0%  SCHD=  6.0%  util=0.119780  Δ=+0.000288
  SCHD+1%  VT=  6.0%  VOO= 74.0%  VYM= 12.7%  SCHD=  7.3%  util=0.118906  Δ=-0.000586
  ★ WINNER: VYM  improvement=+0.000288
────────────────────────────────────────────────────────────────────────
Epoch 57  [startUtility=0.119780  feasible=3]
  VT+1%  VT=  7.0%  VOO= 73.7%  VYM= 13.7%  SCHD=  5.7%  util=0.119651  Δ=-0.000129
  VYM+1%  VT=  5.7%  VOO= 73.7%  VYM= 15.0%  SCHD=  5.7%  util=0.120073  Δ=+0.000293
  SCHD+1%  VT=  5.7%  VOO= 73.7%  VYM= 13.7%  SCHD=  7.0%  util=0.119198  Δ=-0.000582
  ★ WINNER: VYM  improvement=+0.000293
────────────────────────────────────────────────────────────────────────
Epoch 58  [startUtility=0.120073  feasible=4]
  VT+1%  VT=  6.7%  VOO= 73.3%  VYM= 14.7%  SCHD=  5.3%  util=0.119938  Δ=-0.000134
  VOO+1%  VT=  5.3%  VOO= 74.7%  VYM= 14.7%  SCHD=  5.3%  util=0.120497  Δ=+0.000425
  VYM+1%  VT=  5.3%  VOO= 73.3%  VYM= 16.0%  SCHD=  5.3%  util=0.120366  Δ=+0.000294
  SCHD+1%  VT=  5.3%  VOO= 73.3%  VYM= 14.7%  SCHD=  6.7%  util=0.119491  Δ=-0.000581
  ★ WINNER: VOO  improvement=+0.000425
────────────────────────────────────────────────────────────────────────
Epoch 59  [startUtility=0.120497  feasible=3]
  VT+1%  VT=  6.3%  VOO= 74.3%  VYM= 14.3%  SCHD=  5.0%  util=0.120365  Δ=-0.000133
  VYM+1%  VT=  5.0%  VOO= 74.3%  VYM= 15.7%  SCHD=  5.0%  util=0.120789  Δ=+0.000292
  SCHD+1%  VT=  5.0%  VOO= 74.3%  VYM= 14.3%  SCHD=  6.3%  util=0.119915  Δ=-0.000582
  ★ WINNER: VYM  improvement=+0.000292
────────────────────────────────────────────────────────────────────────
Epoch 60  [startUtility=0.120789  feasible=3]
  VT+1%  VT=  6.0%  VOO= 74.0%  VYM= 15.3%  SCHD=  4.7%  util=0.120655  Δ=-0.000135
  VYM+1%  VT=  4.7%  VOO= 74.0%  VYM= 16.7%  SCHD=  4.7%  util=0.121082  Δ=+0.000293
  SCHD+1%  VT=  4.7%  VOO= 74.0%  VYM= 15.3%  SCHD=  6.0%  util=0.120209  Δ=-0.000580
  ★ WINNER: VYM  improvement=+0.000293
────────────────────────────────────────────────────────────────────────
Epoch 61  [startUtility=0.121082  feasible=3]
  VT+1%  VT=  5.7%  VOO= 73.7%  VYM= 16.3%  SCHD=  4.3%  util=0.120946  Δ=-0.000136
  VYM+1%  VT=  4.3%  VOO= 73.7%  VYM= 17.7%  SCHD=  4.3%  util=0.121376  Δ=+0.000294
  SCHD+1%  VT=  4.3%  VOO= 73.7%  VYM= 16.3%  SCHD=  5.7%  util=0.120507  Δ=-0.000575
  ★ WINNER: VYM  improvement=+0.000294
────────────────────────────────────────────────────────────────────────
Epoch 62  [startUtility=0.121376  feasible=4]
  VT+1%  VT=  5.3%  VOO= 73.3%  VYM= 17.3%  SCHD=  4.0%  util=0.121239  Δ=-0.000137
  VOO+1%  VT=  4.0%  VOO= 74.7%  VYM= 17.3%  SCHD=  4.0%  util=0.121798  Δ=+0.000421
  VYM+1%  VT=  4.0%  VOO= 73.3%  VYM= 18.7%  SCHD=  4.0%  util=0.121676  Δ=+0.000300
  SCHD+1%  VT=  4.0%  VOO= 73.3%  VYM= 17.3%  SCHD=  5.3%  util=0.120805  Δ=-0.000571
  ★ WINNER: VOO  improvement=+0.000421
────────────────────────────────────────────────────────────────────────
Epoch 63  [startUtility=0.121798  feasible=3]
  VT+1%  VT=  5.0%  VOO= 74.3%  VYM= 17.0%  SCHD=  3.7%  util=0.121662  Δ=-0.000136
  VYM+1%  VT=  3.7%  VOO= 74.3%  VYM= 18.3%  SCHD=  3.7%  util=0.122094  Δ=+0.000296
  SCHD+1%  VT=  3.7%  VOO= 74.3%  VYM= 17.0%  SCHD=  5.0%  util=0.121224  Δ=-0.000574
  ★ WINNER: VYM  improvement=+0.000296
────────────────────────────────────────────────────────────────────────
Epoch 64  [startUtility=0.122094  feasible=3]
  VT+1%  VT=  4.7%  VOO= 74.0%  VYM= 18.0%  SCHD=  3.3%  util=0.121955  Δ=-0.000139
  VYM+1%  VT=  3.3%  VOO= 74.0%  VYM= 19.3%  SCHD=  3.3%  util=0.122396  Δ=+0.000302
  SCHD+1%  VT=  3.3%  VOO= 74.0%  VYM= 18.0%  SCHD=  4.7%  util=0.121523  Δ=-0.000571
  ★ WINNER: VYM  improvement=+0.000302
────────────────────────────────────────────────────────────────────────
Epoch 65  [startUtility=0.122396  feasible=3]
  VT+1%  VT=  4.3%  VOO= 73.7%  VYM= 19.0%  SCHD=  3.0%  util=0.122250  Δ=-0.000146
  VYM+1%  VT=  3.0%  VOO= 73.7%  VYM= 20.3%  SCHD=  3.0%  util=0.122697  Δ=+0.000301
  SCHD+1%  VT=  3.0%  VOO= 73.7%  VYM= 19.0%  SCHD=  4.3%  util=0.121820  Δ=-0.000577
  ★ WINNER: VYM  improvement=+0.000301
────────────────────────────────────────────────────────────────────────
Epoch 66  [startUtility=0.122697  feasible=4]
  VT+1%  VT=  4.0%  VOO= 73.3%  VYM= 20.0%  SCHD=  2.7%  util=0.122551  Δ=-0.000146
  VOO+1%  VT=  2.7%  VOO= 74.7%  VYM= 20.0%  SCHD=  2.7%  util=0.123116  Δ=+0.000419
  VYM+1%  VT=  2.7%  VOO= 73.3%  VYM= 21.3%  SCHD=  2.7%  util=0.122997  Δ=+0.000300
  SCHD+1%  VT=  2.7%  VOO= 73.3%  VYM= 20.0%  SCHD=  4.0%  util=0.122118  Δ=-0.000578
  ★ WINNER: VOO  improvement=+0.000419
────────────────────────────────────────────────────────────────────────
Epoch 67  [startUtility=0.123116  feasible=3]
  VT+1%  VT=  3.7%  VOO= 74.3%  VYM= 19.7%  SCHD=  2.3%  util=0.122967  Δ=-0.000149
  VYM+1%  VT=  2.3%  VOO= 74.3%  VYM= 21.0%  SCHD=  2.3%  util=0.123414  Δ=+0.000298
  SCHD+1%  VT=  2.3%  VOO= 74.3%  VYM= 19.7%  SCHD=  3.7%  util=0.122538  Δ=-0.000578
  ★ WINNER: VYM  improvement=+0.000298
────────────────────────────────────────────────────────────────────────
Epoch 68  [startUtility=0.123414  feasible=3]
  VT+1%  VT=  3.3%  VOO= 74.0%  VYM= 20.7%  SCHD=  2.0%  util=0.123271  Δ=-0.000144
  VYM+1%  VT=  2.0%  VOO= 74.0%  VYM= 22.0%  SCHD=  2.0%  util=0.123716  Δ=+0.000301
  SCHD+1%  VT=  2.0%  VOO= 74.0%  VYM= 20.7%  SCHD=  3.3%  util=0.122837  Δ=-0.000577
  ★ WINNER: VYM  improvement=+0.000301
────────────────────────────────────────────────────────────────────────
Epoch 69  [startUtility=0.123716  feasible=3]
  VT+1%  VT=  3.0%  VOO= 73.7%  VYM= 21.7%  SCHD=  1.7%  util=0.123572  Δ=-0.000144
  VYM+1%  VT=  1.7%  VOO= 73.7%  VYM= 23.0%  SCHD=  1.7%  util=0.124020  Δ=+0.000304
  SCHD+1%  VT=  1.7%  VOO= 73.7%  VYM= 21.7%  SCHD=  3.0%  util=0.123138  Δ=-0.000577
  ★ WINNER: VYM  improvement=+0.000304
────────────────────────────────────────────────────────────────────────
Epoch 70  [startUtility=0.124020  feasible=4]
  VT+1%  VT=  2.7%  VOO= 73.3%  VYM= 22.7%  SCHD=  1.3%  util=0.123872  Δ=-0.000148
  VOO+1%  VT=  1.3%  VOO= 74.7%  VYM= 22.7%  SCHD=  1.3%  util=0.124434  Δ=+0.000414
  VYM+1%  VT=  1.3%  VOO= 73.3%  VYM= 24.0%  SCHD=  1.3%  util=0.124325  Δ=+0.000305
  SCHD+1%  VT=  1.3%  VOO= 73.3%  VYM= 22.7%  SCHD=  2.7%  util=0.123443  Δ=-0.000576
  ★ WINNER: VOO  improvement=+0.000414
────────────────────────────────────────────────────────────────────────
Epoch 71  [startUtility=0.124434  feasible=3]
  VT+1%  VT=  2.3%  VOO= 74.3%  VYM= 22.3%  SCHD=  1.0%  util=0.124288  Δ=-0.000146
  VYM+1%  VT=  1.0%  VOO= 74.3%  VYM= 23.7%  SCHD=  1.0%  util=0.124740  Δ=+0.000306
  SCHD+1%  VT=  1.0%  VOO= 74.3%  VYM= 22.3%  SCHD=  2.3%  util=0.123860  Δ=-0.000574
  ★ WINNER: VYM  improvement=+0.000306
────────────────────────────────────────────────────────────────────────
Epoch 72  [startUtility=0.124740  feasible=3]
  VT+1%  VT=  2.0%  VOO= 74.0%  VYM= 23.3%  SCHD=  0.7%  util=0.124591  Δ=-0.000150
  VYM+1%  VT=  0.7%  VOO= 74.0%  VYM= 24.7%  SCHD=  0.7%  util=0.125046  Δ=+0.000306
  SCHD+1%  VT=  0.7%  VOO= 74.0%  VYM= 23.3%  SCHD=  2.0%  util=0.124166  Δ=-0.000575
  ★ WINNER: VYM  improvement=+0.000306
────────────────────────────────────────────────────────────────────────
Epoch 73  [startUtility=0.125046  feasible=3]
  VT+1%  VT=  1.7%  VOO= 73.7%  VYM= 24.3%  SCHD=  0.3%  util=0.124897  Δ=-0.000149
  VYM+1%  VT=  0.3%  VOO= 73.7%  VYM= 25.7%  SCHD=  0.3%  util=0.125355  Δ=+0.000309
  SCHD+1%  VT=  0.3%  VOO= 73.7%  VYM= 24.3%  SCHD=  1.7%  util=0.124473  Δ=-0.000573
  ★ WINNER: VYM  improvement=+0.000309
────────────────────────────────────────────────────────────────────────
Epoch 74  [startUtility=0.125355  feasible=4]
  VT+1%  VT=  1.3%  VOO= 73.3%  VYM= 25.3%  SCHD=  0.0%  util=0.125205  Δ=-0.000150
  VOO+1%  VT=  0.0%  VOO= 74.7%  VYM= 25.3%  SCHD=  0.0%  util=0.125768  Δ=+0.000413
  VYM+1%  VT=  0.0%  VOO= 73.3%  VYM= 26.7%  SCHD=  0.0%  util=0.125666  Δ=+0.000311
  SCHD+1%  VT=  0.0%  VOO= 73.3%  VYM= 25.3%  SCHD=  1.3%  util=0.124784  Δ=-0.000571
  ★ WINNER: VOO  improvement=+0.000413
────────────────────────────────────────────────────────────────────────
Epoch 75  [startUtility=0.125768  feasible=0]
  ✗ STOPPED: no_feasible_variants
────────────────────────────────────────────────────────────────────────
FINAL: utility=0.125768  (gain=+0.032349  epochs=76)
