=== OPTIMIZATION DEBUG: bh_debug_4_bond_heavy ===
Time:   Wed Apr 01 14:17:20 EDT 2026
Start:  VTI= 20.0%  VXUS= 20.0%  BND= 60.0%
        utility = 0.019803

────────────────────────────────────────────────────────────────────────
Epoch 0  [startUtility=0.019803  feasible=3]
  VTI+1%  VTI= 21.0%  VXUS= 19.5%  BND= 59.5%  util=0.021226  Δ=+0.001423
  VXUS+1%  VTI= 19.5%  VXUS= 21.0%  BND= 59.5%  util=0.019576  Δ=-0.000226
  BND+1%  VTI= 19.5%  VXUS= 19.5%  BND= 61.0%  util=0.018570  Δ=-0.001233
  ★ WINNER: VTI  improvement=+0.001423
────────────────────────────────────────────────────────────────────────
Epoch 1  [startUtility=0.021226  feasible=3]
  VTI+1%  VTI= 22.0%  VXUS= 19.0%  BND= 59.0%  util=0.022628  Δ=+0.001402
  VXUS+1%  VTI= 20.5%  VXUS= 20.5%  BND= 59.0%  util=0.021011  Δ=-0.000215
  BND+1%  VTI= 20.5%  VXUS= 19.0%  BND= 60.5%  util=0.020014  Δ=-0.001212
  ★ WINNER: VTI  improvement=+0.001402
────────────────────────────────────────────────────────────────────────
Epoch 2  [startUtility=0.022628  feasible=3]
  VTI+1%  VTI= 23.0%  VXUS= 18.5%  BND= 58.5%  util=0.024014  Δ=+0.001386
  VXUS+1%  VTI= 21.5%  VXUS= 20.0%  BND= 58.5%  util=0.022419  Δ=-0.000209
  BND+1%  VTI= 21.5%  VXUS= 18.5%  BND= 60.0%  util=0.021433  Δ=-0.001195
  ★ WINNER: VTI  improvement=+0.001386
────────────────────────────────────────────────────────────────────────
Epoch 3  [startUtility=0.024014  feasible=3]
  VTI+1%  VTI= 24.0%  VXUS= 18.0%  BND= 58.0%  util=0.025364  Δ=+0.001350
  VXUS+1%  VTI= 22.5%  VXUS= 19.5%  BND= 58.0%  util=0.023806  Δ=-0.000208
  BND+1%  VTI= 22.5%  VXUS= 18.0%  BND= 59.5%  util=0.022836  Δ=-0.001178
  ★ WINNER: VTI  improvement=+0.001350
────────────────────────────────────────────────────────────────────────
Epoch 4  [startUtility=0.025364  feasible=3]
  VTI+1%  VTI= 25.0%  VXUS= 17.5%  BND= 57.5%  util=0.026651  Δ=+0.001287
  VXUS+1%  VTI= 23.5%  VXUS= 19.0%  BND= 57.5%  util=0.025184  Δ=-0.000180
  BND+1%  VTI= 23.5%  VXUS= 17.5%  BND= 59.0%  util=0.024203  Δ=-0.001161
  ★ WINNER: VTI  improvement=+0.001287
────────────────────────────────────────────────────────────────────────
Epoch 5  [startUtility=0.026651  feasible=3]
  VTI+1%  VTI= 26.0%  VXUS= 17.0%  BND= 57.0%  util=0.027902  Δ=+0.001251
  VXUS+1%  VTI= 24.5%  VXUS= 18.5%  BND= 57.0%  util=0.026513  Δ=-0.000139
  BND+1%  VTI= 24.5%  VXUS= 17.0%  BND= 58.5%  util=0.025509  Δ=-0.001143
  ★ WINNER: VTI  improvement=+0.001251
────────────────────────────────────────────────────────────────────────
Epoch 6  [startUtility=0.027902  feasible=3]
  VTI+1%  VTI= 27.0%  VXUS= 16.5%  BND= 56.5%  util=0.029073  Δ=+0.001171
  VXUS+1%  VTI= 25.5%  VXUS= 18.0%  BND= 56.5%  util=0.027787  Δ=-0.000115
  BND+1%  VTI= 25.5%  VXUS= 16.5%  BND= 58.0%  util=0.026775  Δ=-0.001127
  ★ WINNER: VTI  improvement=+0.001171
────────────────────────────────────────────────────────────────────────
Epoch 7  [startUtility=0.029073  feasible=3]
  VTI+1%  VTI= 28.0%  VXUS= 16.0%  BND= 56.0%  util=0.030206  Δ=+0.001133
  VXUS+1%  VTI= 26.5%  VXUS= 17.5%  BND= 56.0%  util=0.029015  Δ=-0.000059
  BND+1%  VTI= 26.5%  VXUS= 16.0%  BND= 57.5%  util=0.027972  Δ=-0.001101
  ★ WINNER: VTI  improvement=+0.001133
────────────────────────────────────────────────────────────────────────
Epoch 8  [startUtility=0.030206  feasible=3]
  VTI+1%  VTI= 29.0%  VXUS= 15.5%  BND= 55.5%  util=0.031327  Δ=+0.001121
  VXUS+1%  VTI= 27.5%  VXUS= 17.0%  BND= 55.5%  util=0.030175  Δ=-0.000032
  BND+1%  VTI= 27.5%  VXUS= 15.5%  BND= 57.0%  util=0.029106  Δ=-0.001100
  ★ WINNER: VTI  improvement=+0.001121
────────────────────────────────────────────────────────────────────────
Epoch 9  [startUtility=0.031327  feasible=3]
  VTI+1%  VTI= 30.0%  VXUS= 15.0%  BND= 55.0%  util=0.032444  Δ=+0.001117
  VXUS+1%  VTI= 28.5%  VXUS= 16.5%  BND= 55.0%  util=0.031303  Δ=-0.000024
  BND+1%  VTI= 28.5%  VXUS= 15.0%  BND= 56.5%  util=0.030228  Δ=-0.001099
  ★ WINNER: VTI  improvement=+0.001117
────────────────────────────────────────────────────────────────────────
Epoch 10  [startUtility=0.032444  feasible=3]
  VTI+1%  VTI= 31.0%  VXUS= 14.5%  BND= 54.5%  util=0.033547  Δ=+0.001102
  VXUS+1%  VTI= 29.5%  VXUS= 16.0%  BND= 54.5%  util=0.032422  Δ=-0.000022
  BND+1%  VTI= 29.5%  VXUS= 14.5%  BND= 56.0%  util=0.031346  Δ=-0.001099
  ★ WINNER: VTI  improvement=+0.001102
────────────────────────────────────────────────────────────────────────
Epoch 11  [startUtility=0.033547  feasible=3]
  VTI+1%  VTI= 32.0%  VXUS= 14.0%  BND= 54.0%  util=0.034621  Δ=+0.001075
  VXUS+1%  VTI= 30.5%  VXUS= 15.5%  BND= 54.0%  util=0.033539  Δ=-0.000008
  BND+1%  VTI= 30.5%  VXUS= 14.0%  BND= 55.5%  util=0.032453  Δ=-0.001094
  ★ WINNER: VTI  improvement=+0.001075
────────────────────────────────────────────────────────────────────────
Epoch 12  [startUtility=0.034621  feasible=3]
  VTI+1%  VTI= 33.0%  VXUS= 13.5%  BND= 53.5%  util=0.035676  Δ=+0.001054
  VXUS+1%  VTI= 31.5%  VXUS= 15.0%  BND= 53.5%  util=0.034639  Δ=+0.000017
  BND+1%  VTI= 31.5%  VXUS= 13.5%  BND= 55.0%  util=0.033531  Δ=-0.001091
  ★ WINNER: VTI  improvement=+0.001054
────────────────────────────────────────────────────────────────────────
Epoch 13  [startUtility=0.035676  feasible=3]
  VTI+1%  VTI= 34.0%  VXUS= 13.0%  BND= 53.0%  util=0.036713  Δ=+0.001037
  VXUS+1%  VTI= 32.5%  VXUS= 14.5%  BND= 53.0%  util=0.035708  Δ=+0.000033
  BND+1%  VTI= 32.5%  VXUS= 13.0%  BND= 54.5%  util=0.034588  Δ=-0.001088
  ★ WINNER: VTI  improvement=+0.001037
────────────────────────────────────────────────────────────────────────
Epoch 14  [startUtility=0.036713  feasible=3]
  VTI+1%  VTI= 35.0%  VXUS= 12.5%  BND= 52.5%  util=0.037720  Δ=+0.001008
  VXUS+1%  VTI= 33.5%  VXUS= 14.0%  BND= 52.5%  util=0.036761  Δ=+0.000048
  BND+1%  VTI= 33.5%  VXUS= 12.5%  BND= 54.0%  util=0.035632  Δ=-0.001081
  ★ WINNER: VTI  improvement=+0.001008
────────────────────────────────────────────────────────────────────────
Epoch 15  [startUtility=0.037720  feasible=3]
  VTI+1%  VTI= 36.0%  VXUS= 12.0%  BND= 52.0%  util=0.038707  Δ=+0.000986
  VXUS+1%  VTI= 34.5%  VXUS= 13.5%  BND= 52.0%  util=0.037789  Δ=+0.000069
  BND+1%  VTI= 34.5%  VXUS= 12.0%  BND= 53.5%  util=0.036643  Δ=-0.001078
  ★ WINNER: VTI  improvement=+0.000986
────────────────────────────────────────────────────────────────────────
Epoch 16  [startUtility=0.038707  feasible=3]
  VTI+1%  VTI= 37.0%  VXUS= 11.5%  BND= 51.5%  util=0.039679  Δ=+0.000972
  VXUS+1%  VTI= 35.5%  VXUS= 13.0%  BND= 51.5%  util=0.038788  Δ=+0.000081
  BND+1%  VTI= 35.5%  VXUS= 11.5%  BND= 53.0%  util=0.037627  Δ=-0.001080
  ★ WINNER: VTI  improvement=+0.000972
────────────────────────────────────────────────────────────────────────
Epoch 17  [startUtility=0.039679  feasible=3]
  VTI+1%  VTI= 38.0%  VXUS= 11.0%  BND= 51.0%  util=0.040610  Δ=+0.000932
  VXUS+1%  VTI= 36.5%  VXUS= 12.5%  BND= 51.0%  util=0.039783  Δ=+0.000104
  BND+1%  VTI= 36.5%  VXUS= 11.0%  BND= 52.5%  util=0.038600  Δ=-0.001078
  ★ WINNER: VTI  improvement=+0.000932
────────────────────────────────────────────────────────────────────────
Epoch 18  [startUtility=0.040610  feasible=3]
  VTI+1%  VTI= 39.0%  VXUS= 10.5%  BND= 50.5%  util=0.041523  Δ=+0.000912
  VXUS+1%  VTI= 37.5%  VXUS= 12.0%  BND= 50.5%  util=0.040753  Δ=+0.000143
  BND+1%  VTI= 37.5%  VXUS= 10.5%  BND= 52.0%  util=0.039539  Δ=-0.001071
  ★ WINNER: VTI  improvement=+0.000912
────────────────────────────────────────────────────────────────────────
Epoch 19  [startUtility=0.041523  feasible=3]
  VTI+1%  VTI= 40.0%  VXUS= 10.0%  BND= 50.0%  util=0.042413  Δ=+0.000890
  VXUS+1%  VTI= 38.5%  VXUS= 11.5%  BND= 50.0%  util=0.041683  Δ=+0.000160
  BND+1%  VTI= 38.5%  VXUS= 10.0%  BND= 51.5%  util=0.040450  Δ=-0.001073
  ★ WINNER: VTI  improvement=+0.000890
────────────────────────────────────────────────────────────────────────
Epoch 20  [startUtility=0.042413  feasible=3]
  VTI+1%  VTI= 41.0%  VXUS=  9.5%  BND= 49.5%  util=0.043299  Δ=+0.000887
  VXUS+1%  VTI= 39.5%  VXUS= 11.0%  BND= 49.5%  util=0.042592  Δ=+0.000180
  BND+1%  VTI= 39.5%  VXUS=  9.5%  BND= 51.0%  util=0.041336  Δ=-0.001076
  ★ WINNER: VTI  improvement=+0.000887
────────────────────────────────────────────────────────────────────────
Epoch 21  [startUtility=0.043299  feasible=3]
  VTI+1%  VTI= 42.0%  VXUS=  9.0%  BND= 49.0%  util=0.044171  Δ=+0.000872
  VXUS+1%  VTI= 40.5%  VXUS= 10.5%  BND= 49.0%  util=0.043487  Δ=+0.000188
  BND+1%  VTI= 40.5%  VXUS=  9.0%  BND= 50.5%  util=0.042221  Δ=-0.001078
  ★ WINNER: VTI  improvement=+0.000872
────────────────────────────────────────────────────────────────────────
Epoch 22  [startUtility=0.044171  feasible=3]
  VTI+1%  VTI= 43.0%  VXUS=  8.5%  BND= 48.5%  util=0.045041  Δ=+0.000870
  VXUS+1%  VTI= 41.5%  VXUS= 10.0%  BND= 48.5%  util=0.044373  Δ=+0.000201
  BND+1%  VTI= 41.5%  VXUS=  8.5%  BND= 50.0%  util=0.043098  Δ=-0.001074
  ★ WINNER: VTI  improvement=+0.000870
────────────────────────────────────────────────────────────────────────
Epoch 23  [startUtility=0.045041  feasible=3]
  VTI+1%  VTI= 44.0%  VXUS=  8.0%  BND= 48.0%  util=0.045890  Δ=+0.000849
  VXUS+1%  VTI= 42.5%  VXUS=  9.5%  BND= 48.0%  util=0.045248  Δ=+0.000207
  BND+1%  VTI= 42.5%  VXUS=  8.0%  BND= 49.5%  util=0.043970  Δ=-0.001071
  ★ WINNER: VTI  improvement=+0.000849
────────────────────────────────────────────────────────────────────────
Epoch 24  [startUtility=0.045890  feasible=3]
  VTI+1%  VTI= 45.0%  VXUS=  7.5%  BND= 47.5%  util=0.046706  Δ=+0.000816
  VXUS+1%  VTI= 43.5%  VXUS=  9.0%  BND= 47.5%  util=0.046115  Δ=+0.000224
  BND+1%  VTI= 43.5%  VXUS=  7.5%  BND= 49.0%  util=0.044823  Δ=-0.001067
  ★ WINNER: VTI  improvement=+0.000816
────────────────────────────────────────────────────────────────────────
Epoch 25  [startUtility=0.046706  feasible=3]
  VTI+1%  VTI= 46.0%  VXUS=  7.0%  BND= 47.0%  util=0.047504  Δ=+0.000798
  VXUS+1%  VTI= 44.5%  VXUS=  8.5%  BND= 47.0%  util=0.046965  Δ=+0.000259
  BND+1%  VTI= 44.5%  VXUS=  7.0%  BND= 48.5%  util=0.045636  Δ=-0.001070
  ★ WINNER: VTI  improvement=+0.000798
────────────────────────────────────────────────────────────────────────
Epoch 26  [startUtility=0.047504  feasible=3]
  VTI+1%  VTI= 47.0%  VXUS=  6.5%  BND= 46.5%  util=0.048294  Δ=+0.000789
  VXUS+1%  VTI= 45.5%  VXUS=  8.0%  BND= 46.5%  util=0.047778  Δ=+0.000273
  BND+1%  VTI= 45.5%  VXUS=  6.5%  BND= 48.0%  util=0.046432  Δ=-0.001072
  ★ WINNER: VTI  improvement=+0.000789
────────────────────────────────────────────────────────────────────────
Epoch 27  [startUtility=0.048294  feasible=3]
  VTI+1%  VTI= 48.0%  VXUS=  6.0%  BND= 46.0%  util=0.049075  Δ=+0.000781
  VXUS+1%  VTI= 46.5%  VXUS=  7.5%  BND= 46.0%  util=0.048575  Δ=+0.000281
  BND+1%  VTI= 46.5%  VXUS=  6.0%  BND= 47.5%  util=0.047226  Δ=-0.001068
  ★ WINNER: VTI  improvement=+0.000781
────────────────────────────────────────────────────────────────────────
Epoch 28  [startUtility=0.049075  feasible=3]
  VTI+1%  VTI= 49.0%  VXUS=  5.5%  BND= 45.5%  util=0.049851  Δ=+0.000776
  VXUS+1%  VTI= 47.5%  VXUS=  7.0%  BND= 45.5%  util=0.049363  Δ=+0.000288
  BND+1%  VTI= 47.5%  VXUS=  5.5%  BND= 47.0%  util=0.048008  Δ=-0.001067
  ★ WINNER: VTI  improvement=+0.000776
────────────────────────────────────────────────────────────────────────
Epoch 29  [startUtility=0.049851  feasible=3]
  VTI+1%  VTI= 50.0%  VXUS=  5.0%  BND= 45.0%  util=0.050612  Δ=+0.000761
  VXUS+1%  VTI= 48.5%  VXUS=  6.5%  BND= 45.0%  util=0.050144  Δ=+0.000292
  BND+1%  VTI= 48.5%  VXUS=  5.0%  BND= 46.5%  util=0.048773  Δ=-0.001079
  ★ WINNER: VTI  improvement=+0.000761
────────────────────────────────────────────────────────────────────────
Epoch 30  [startUtility=0.050612  feasible=3]
  VTI+1%  VTI= 51.0%  VXUS=  4.5%  BND= 44.5%  util=0.051347  Δ=+0.000735
  VXUS+1%  VTI= 49.5%  VXUS=  6.0%  BND= 44.5%  util=0.050920  Δ=+0.000308
  BND+1%  VTI= 49.5%  VXUS=  4.5%  BND= 46.0%  util=0.049531  Δ=-0.001081
  ★ WINNER: VTI  improvement=+0.000735
────────────────────────────────────────────────────────────────────────
Epoch 31  [startUtility=0.051347  feasible=3]
  VTI+1%  VTI= 52.0%  VXUS=  4.0%  BND= 44.0%  util=0.052071  Δ=+0.000724
  VXUS+1%  VTI= 50.5%  VXUS=  5.5%  BND= 44.0%  util=0.051687  Δ=+0.000339
  BND+1%  VTI= 50.5%  VXUS=  4.0%  BND= 45.5%  util=0.050270  Δ=-0.001078
  ★ WINNER: VTI  improvement=+0.000724
────────────────────────────────────────────────────────────────────────
Epoch 32  [startUtility=0.052071  feasible=3]
  VTI+1%  VTI= 53.0%  VXUS=  3.5%  BND= 43.5%  util=0.052780  Δ=+0.000709
  VXUS+1%  VTI= 51.5%  VXUS=  5.0%  BND= 43.5%  util=0.052418  Δ=+0.000347
  BND+1%  VTI= 51.5%  VXUS=  3.5%  BND= 45.0%  util=0.050996  Δ=-0.001075
  ★ WINNER: VTI  improvement=+0.000709
────────────────────────────────────────────────────────────────────────
Epoch 33  [startUtility=0.052780  feasible=3]
  VTI+1%  VTI= 54.0%  VXUS=  3.0%  BND= 43.0%  util=0.053472  Δ=+0.000692
  VXUS+1%  VTI= 52.5%  VXUS=  4.5%  BND= 43.0%  util=0.053135  Δ=+0.000355
  BND+1%  VTI= 52.5%  VXUS=  3.0%  BND= 44.5%  util=0.051714  Δ=-0.001066
  ★ WINNER: VTI  improvement=+0.000692
────────────────────────────────────────────────────────────────────────
Epoch 34  [startUtility=0.053472  feasible=3]
  VTI+1%  VTI= 55.0%  VXUS=  2.5%  BND= 42.5%  util=0.054162  Δ=+0.000690
  VXUS+1%  VTI= 53.5%  VXUS=  4.0%  BND= 42.5%  util=0.053842  Δ=+0.000370
  BND+1%  VTI= 53.5%  VXUS=  2.5%  BND= 44.0%  util=0.052410  Δ=-0.001062
  ★ WINNER: VTI  improvement=+0.000690
────────────────────────────────────────────────────────────────────────
Epoch 35  [startUtility=0.054162  feasible=3]
  VTI+1%  VTI= 56.0%  VXUS=  2.0%  BND= 42.0%  util=0.054852  Δ=+0.000690
  VXUS+1%  VTI= 54.5%  VXUS=  3.5%  BND= 42.0%  util=0.054532  Δ=+0.000370
  BND+1%  VTI= 54.5%  VXUS=  2.0%  BND= 43.5%  util=0.053102  Δ=-0.001060
  ★ WINNER: VTI  improvement=+0.000690
────────────────────────────────────────────────────────────────────────
Epoch 36  [startUtility=0.054852  feasible=3]
  VTI+1%  VTI= 57.0%  VXUS=  1.5%  BND= 41.5%  util=0.055536  Δ=+0.000684
  VXUS+1%  VTI= 55.5%  VXUS=  3.0%  BND= 41.5%  util=0.055220  Δ=+0.000369
  BND+1%  VTI= 55.5%  VXUS=  1.5%  BND= 43.0%  util=0.053791  Δ=-0.001061
  ★ WINNER: VTI  improvement=+0.000684
────────────────────────────────────────────────────────────────────────
Epoch 37  [startUtility=0.055536  feasible=3]
  VTI+1%  VTI= 58.0%  VXUS=  1.0%  BND= 41.0%  util=0.056220  Δ=+0.000684
  VXUS+1%  VTI= 56.5%  VXUS=  2.5%  BND= 41.0%  util=0.055911  Δ=+0.000376
  BND+1%  VTI= 56.5%  VXUS=  1.0%  BND= 42.5%  util=0.054472  Δ=-0.001063
  ★ WINNER: VTI  improvement=+0.000684
────────────────────────────────────────────────────────────────────────
Epoch 38  [startUtility=0.056220  feasible=3]
  VTI+1%  VTI= 59.0%  VXUS=  0.5%  BND= 40.5%  util=0.056905  Δ=+0.000685
  VXUS+1%  VTI= 57.5%  VXUS=  2.0%  BND= 40.5%  util=0.056601  Δ=+0.000381
  BND+1%  VTI= 57.5%  VXUS=  0.5%  BND= 42.0%  util=0.055158  Δ=-0.001062
  ★ WINNER: VTI  improvement=+0.000685
────────────────────────────────────────────────────────────────────────
Epoch 39  [startUtility=0.056905  feasible=1]
  VXUS+1%  VTI= 58.5%  VXUS=  1.5%  BND= 40.0%  util=0.057283  Δ=+0.000378
  ★ WINNER: VXUS  improvement=+0.000378
────────────────────────────────────────────────────────────────────────
Epoch 40  [startUtility=0.057283  feasible=3]
  VTI+1%  VTI= 59.5%  VXUS=  1.0%  BND= 39.5%  util=0.057973  Δ=+0.000690
  VXUS+1%  VTI= 58.0%  VXUS=  2.5%  BND= 39.5%  util=0.057663  Δ=+0.000380
  BND+1%  VTI= 58.0%  VXUS=  1.0%  BND= 41.0%  util=0.056220  Δ=-0.001063
  ★ WINNER: VTI  improvement=+0.000690
────────────────────────────────────────────────────────────────────────
Epoch 41  [startUtility=0.057973  feasible=3]
  VTI+1%  VTI= 60.5%  VXUS=  0.5%  BND= 39.0%  util=0.058669  Δ=+0.000697
  VXUS+1%  VTI= 59.0%  VXUS=  2.0%  BND= 39.0%  util=0.058357  Δ=+0.000384
  BND+1%  VTI= 59.0%  VXUS=  0.5%  BND= 40.5%  util=0.056905  Δ=-0.001068
  ★ WINNER: VTI  improvement=+0.000697
────────────────────────────────────────────────────────────────────────
Epoch 42  [startUtility=0.058669  feasible=1]
  VXUS+1%  VTI= 60.0%  VXUS=  1.5%  BND= 38.5%  util=0.059051  Δ=+0.000382
  ★ WINNER: VXUS  improvement=+0.000382
────────────────────────────────────────────────────────────────────────
Epoch 43  [startUtility=0.059051  feasible=3]
  VTI+1%  VTI= 61.0%  VXUS=  1.0%  BND= 38.0%  util=0.059745  Δ=+0.000694
  VXUS+1%  VTI= 59.5%  VXUS=  2.5%  BND= 38.0%  util=0.059432  Δ=+0.000381
  BND+1%  VTI= 59.5%  VXUS=  1.0%  BND= 39.5%  util=0.057973  Δ=-0.001078
  ★ WINNER: VTI  improvement=+0.000694
────────────────────────────────────────────────────────────────────────
Epoch 44  [startUtility=0.059745  feasible=3]
  VTI+1%  VTI= 62.0%  VXUS=  0.5%  BND= 37.5%  util=0.060440  Δ=+0.000695
  VXUS+1%  VTI= 60.5%  VXUS=  2.0%  BND= 37.5%  util=0.060127  Δ=+0.000382
  BND+1%  VTI= 60.5%  VXUS=  0.5%  BND= 39.0%  util=0.058669  Δ=-0.001075
  ★ WINNER: VTI  improvement=+0.000695
────────────────────────────────────────────────────────────────────────
Epoch 45  [startUtility=0.060440  feasible=1]
  VXUS+1%  VTI= 61.5%  VXUS=  1.5%  BND= 37.0%  util=0.060817  Δ=+0.000377
  ★ WINNER: VXUS  improvement=+0.000377
────────────────────────────────────────────────────────────────────────
Epoch 46  [startUtility=0.060817  feasible=3]
  VTI+1%  VTI= 62.5%  VXUS=  1.0%  BND= 36.5%  util=0.061513  Δ=+0.000696
  VXUS+1%  VTI= 61.0%  VXUS=  2.5%  BND= 36.5%  util=0.061201  Δ=+0.000384
  BND+1%  VTI= 61.0%  VXUS=  1.0%  BND= 38.0%  util=0.059745  Δ=-0.001072
  ★ WINNER: VTI  improvement=+0.000696
────────────────────────────────────────────────────────────────────────
Epoch 47  [startUtility=0.061513  feasible=3]
  VTI+1%  VTI= 63.5%  VXUS=  0.5%  BND= 36.0%  util=0.062209  Δ=+0.000697
  VXUS+1%  VTI= 62.0%  VXUS=  2.0%  BND= 36.0%  util=0.061892  Δ=+0.000380
  BND+1%  VTI= 62.0%  VXUS=  0.5%  BND= 37.5%  util=0.060440  Δ=-0.001073
  ★ WINNER: VTI  improvement=+0.000697
────────────────────────────────────────────────────────────────────────
Epoch 48  [startUtility=0.062209  feasible=1]
  VXUS+1%  VTI= 63.0%  VXUS=  1.5%  BND= 35.5%  util=0.062585  Δ=+0.000376
  ★ WINNER: VXUS  improvement=+0.000376
────────────────────────────────────────────────────────────────────────
Epoch 49  [startUtility=0.062585  feasible=3]
  VTI+1%  VTI= 64.0%  VXUS=  1.0%  BND= 35.0%  util=0.063278  Δ=+0.000693
  VXUS+1%  VTI= 62.5%  VXUS=  2.5%  BND= 35.0%  util=0.062966  Δ=+0.000381
  BND+1%  VTI= 62.5%  VXUS=  1.0%  BND= 36.5%  util=0.061513  Δ=-0.001072
  ★ WINNER: VTI  improvement=+0.000693
────────────────────────────────────────────────────────────────────────
Epoch 50  [startUtility=0.063278  feasible=3]
  VTI+1%  VTI= 65.0%  VXUS=  0.5%  BND= 34.5%  util=0.063969  Δ=+0.000691
  VXUS+1%  VTI= 63.5%  VXUS=  2.0%  BND= 34.5%  util=0.063655  Δ=+0.000377
  BND+1%  VTI= 63.5%  VXUS=  0.5%  BND= 36.0%  util=0.062209  Δ=-0.001069
  ★ WINNER: VTI  improvement=+0.000691
────────────────────────────────────────────────────────────────────────
Epoch 51  [startUtility=0.063969  feasible=1]
  VXUS+1%  VTI= 64.5%  VXUS=  1.5%  BND= 34.0%  util=0.064343  Δ=+0.000374
  ★ WINNER: VXUS  improvement=+0.000374
────────────────────────────────────────────────────────────────────────
Epoch 52  [startUtility=0.064343  feasible=3]
  VTI+1%  VTI= 65.5%  VXUS=  1.0%  BND= 33.5%  util=0.065031  Δ=+0.000688
  VXUS+1%  VTI= 64.0%  VXUS=  2.5%  BND= 33.5%  util=0.064722  Δ=+0.000379
  BND+1%  VTI= 64.0%  VXUS=  1.0%  BND= 35.0%  util=0.063278  Δ=-0.001065
  ★ WINNER: VTI  improvement=+0.000688
────────────────────────────────────────────────────────────────────────
Epoch 53  [startUtility=0.065031  feasible=3]
  VTI+1%  VTI= 66.5%  VXUS=  0.5%  BND= 33.0%  util=0.065725  Δ=+0.000694
  VXUS+1%  VTI= 65.0%  VXUS=  2.0%  BND= 33.0%  util=0.065406  Δ=+0.000375
  BND+1%  VTI= 65.0%  VXUS=  0.5%  BND= 34.5%  util=0.063969  Δ=-0.001062
  ★ WINNER: VTI  improvement=+0.000694
────────────────────────────────────────────────────────────────────────
Epoch 54  [startUtility=0.065725  feasible=1]
  VXUS+1%  VTI= 66.0%  VXUS=  1.5%  BND= 32.5%  util=0.066096  Δ=+0.000371
  ★ WINNER: VXUS  improvement=+0.000371
────────────────────────────────────────────────────────────────────────
Epoch 55  [startUtility=0.066096  feasible=3]
  VTI+1%  VTI= 67.0%  VXUS=  1.0%  BND= 32.0%  util=0.066790  Δ=+0.000694
  VXUS+1%  VTI= 65.5%  VXUS=  2.5%  BND= 32.0%  util=0.066472  Δ=+0.000375
  BND+1%  VTI= 65.5%  VXUS=  1.0%  BND= 33.5%  util=0.065031  Δ=-0.001065
  ★ WINNER: VTI  improvement=+0.000694
────────────────────────────────────────────────────────────────────────
Epoch 56  [startUtility=0.066790  feasible=3]
  VTI+1%  VTI= 68.0%  VXUS=  0.5%  BND= 31.5%  util=0.067493  Δ=+0.000703
  VXUS+1%  VTI= 66.5%  VXUS=  2.0%  BND= 31.5%  util=0.067162  Δ=+0.000372
  BND+1%  VTI= 66.5%  VXUS=  0.5%  BND= 33.0%  util=0.065725  Δ=-0.001065
  ★ WINNER: VTI  improvement=+0.000703
────────────────────────────────────────────────────────────────────────
Epoch 57  [startUtility=0.067493  feasible=1]
  VXUS+1%  VTI= 67.5%  VXUS=  1.5%  BND= 31.0%  util=0.067860  Δ=+0.000367
  ★ WINNER: VXUS  improvement=+0.000367
────────────────────────────────────────────────────────────────────────
Epoch 58  [startUtility=0.067860  feasible=3]
  VTI+1%  VTI= 68.5%  VXUS=  1.0%  BND= 30.5%  util=0.068562  Δ=+0.000702
  VXUS+1%  VTI= 67.0%  VXUS=  2.5%  BND= 30.5%  util=0.068231  Δ=+0.000371
  BND+1%  VTI= 67.0%  VXUS=  1.0%  BND= 32.0%  util=0.066790  Δ=-0.001070
  ★ WINNER: VTI  improvement=+0.000702
────────────────────────────────────────────────────────────────────────
Epoch 59  [startUtility=0.068562  feasible=3]
  VTI+1%  VTI= 69.5%  VXUS=  0.5%  BND= 30.0%  util=0.069265  Δ=+0.000703
  VXUS+1%  VTI= 68.0%  VXUS=  2.0%  BND= 30.0%  util=0.068930  Δ=+0.000368
  BND+1%  VTI= 68.0%  VXUS=  0.5%  BND= 31.5%  util=0.067493  Δ=-0.001069
  ★ WINNER: VTI  improvement=+0.000703
────────────────────────────────────────────────────────────────────────
Epoch 60  [startUtility=0.069265  feasible=1]
  VXUS+1%  VTI= 69.0%  VXUS=  1.5%  BND= 29.5%  util=0.069630  Δ=+0.000365
  ★ WINNER: VXUS  improvement=+0.000365
────────────────────────────────────────────────────────────────────────
Epoch 61  [startUtility=0.069630  feasible=3]
  VTI+1%  VTI= 70.0%  VXUS=  1.0%  BND= 29.0%  util=0.070336  Δ=+0.000707
  VXUS+1%  VTI= 68.5%  VXUS=  2.5%  BND= 29.0%  util=0.069995  Δ=+0.000365
  BND+1%  VTI= 68.5%  VXUS=  1.0%  BND= 30.5%  util=0.068562  Δ=-0.001068
  ★ WINNER: VTI  improvement=+0.000707
────────────────────────────────────────────────────────────────────────
Epoch 62  [startUtility=0.070336  feasible=3]
  VTI+1%  VTI= 71.0%  VXUS=  0.5%  BND= 28.5%  util=0.071052  Δ=+0.000716
  VXUS+1%  VTI= 69.5%  VXUS=  2.0%  BND= 28.5%  util=0.070698  Δ=+0.000361
  BND+1%  VTI= 69.5%  VXUS=  0.5%  BND= 30.0%  util=0.069265  Δ=-0.001071
  ★ WINNER: VTI  improvement=+0.000716
────────────────────────────────────────────────────────────────────────
Epoch 63  [startUtility=0.071052  feasible=1]
  VXUS+1%  VTI= 70.5%  VXUS=  1.5%  BND= 28.0%  util=0.071407  Δ=+0.000355
  ★ WINNER: VXUS  improvement=+0.000355
────────────────────────────────────────────────────────────────────────
Epoch 64  [startUtility=0.071407  feasible=3]
  VTI+1%  VTI= 71.5%  VXUS=  1.0%  BND= 27.5%  util=0.072123  Δ=+0.000717
  VXUS+1%  VTI= 70.0%  VXUS=  2.5%  BND= 27.5%  util=0.071767  Δ=+0.000361
  BND+1%  VTI= 70.0%  VXUS=  1.0%  BND= 29.0%  util=0.070336  Δ=-0.001070
  ★ WINNER: VTI  improvement=+0.000717
────────────────────────────────────────────────────────────────────────
Epoch 65  [startUtility=0.072123  feasible=3]
  VTI+1%  VTI= 72.5%  VXUS=  0.5%  BND= 27.0%  util=0.072853  Δ=+0.000729
  VXUS+1%  VTI= 71.0%  VXUS=  2.0%  BND= 27.0%  util=0.072477  Δ=+0.000353
  BND+1%  VTI= 71.0%  VXUS=  0.5%  BND= 28.5%  util=0.071052  Δ=-0.001071
  ★ WINNER: VTI  improvement=+0.000729
────────────────────────────────────────────────────────────────────────
Epoch 66  [startUtility=0.072853  feasible=1]
  VXUS+1%  VTI= 72.0%  VXUS=  1.5%  BND= 26.5%  util=0.073193  Δ=+0.000340
  ★ WINNER: VXUS  improvement=+0.000340
────────────────────────────────────────────────────────────────────────
Epoch 67  [startUtility=0.073193  feasible=3]
  VTI+1%  VTI= 73.0%  VXUS=  1.0%  BND= 26.0%  util=0.073931  Δ=+0.000738
  VXUS+1%  VTI= 71.5%  VXUS=  2.5%  BND= 26.0%  util=0.073548  Δ=+0.000356
  BND+1%  VTI= 71.5%  VXUS=  1.0%  BND= 27.5%  util=0.072123  Δ=-0.001069
  ★ WINNER: VTI  improvement=+0.000738
────────────────────────────────────────────────────────────────────────
Epoch 68  [startUtility=0.073931  feasible=3]
  VTI+1%  VTI= 74.0%  VXUS=  0.5%  BND= 25.5%  util=0.074673  Δ=+0.000742
  VXUS+1%  VTI= 72.5%  VXUS=  2.0%  BND= 25.5%  util=0.074267  Δ=+0.000336
  BND+1%  VTI= 72.5%  VXUS=  0.5%  BND= 27.0%  util=0.072853  Δ=-0.001078
  ★ WINNER: VTI  improvement=+0.000742
────────────────────────────────────────────────────────────────────────
Epoch 69  [startUtility=0.074673  feasible=1]
  VXUS+1%  VTI= 73.5%  VXUS=  1.5%  BND= 25.0%  util=0.075006  Δ=+0.000333
  ★ WINNER: VXUS  improvement=+0.000333
────────────────────────────────────────────────────────────────────────
Epoch 70  [startUtility=0.075006  feasible=3]
  VTI+1%  VTI= 74.5%  VXUS=  1.0%  BND= 24.5%  util=0.075747  Δ=+0.000741
  VXUS+1%  VTI= 73.0%  VXUS=  2.5%  BND= 24.5%  util=0.075336  Δ=+0.000330
  BND+1%  VTI= 73.0%  VXUS=  1.0%  BND= 26.0%  util=0.073931  Δ=-0.001076
  ★ WINNER: VTI  improvement=+0.000741
────────────────────────────────────────────────────────────────────────
Epoch 71  [startUtility=0.075747  feasible=2]
  VXUS+1%  VTI= 74.0%  VXUS=  2.0%  BND= 24.0%  util=0.076073  Δ=+0.000326
  BND+1%  VTI= 74.0%  VXUS=  0.5%  BND= 25.5%  util=0.074673  Δ=-0.001074
  ★ WINNER: VXUS  improvement=+0.000326
────────────────────────────────────────────────────────────────────────
Epoch 72  [startUtility=0.076073  feasible=2]
  VXUS+1%  VTI= 73.5%  VXUS=  3.0%  BND= 23.5%  util=0.076404  Δ=+0.000331
  BND+1%  VTI= 73.5%  VXUS=  1.5%  BND= 25.0%  util=0.075006  Δ=-0.001067
  ★ WINNER: VXUS  improvement=+0.000331
────────────────────────────────────────────────────────────────────────
Epoch 73  [startUtility=0.076404  feasible=3]
  VTI+1%  VTI= 74.5%  VXUS=  2.5%  BND= 23.0%  util=0.077140  Δ=+0.000735
  VXUS+1%  VTI= 73.0%  VXUS=  4.0%  BND= 23.0%  util=0.076742  Δ=+0.000338
  BND+1%  VTI= 73.0%  VXUS=  2.5%  BND= 24.5%  util=0.075336  Δ=-0.001068
  ★ WINNER: VTI  improvement=+0.000735
────────────────────────────────────────────────────────────────────────
Epoch 74  [startUtility=0.077140  feasible=2]
  VXUS+1%  VTI= 74.0%  VXUS=  3.5%  BND= 22.5%  util=0.077473  Δ=+0.000333
  BND+1%  VTI= 74.0%  VXUS=  2.0%  BND= 24.0%  util=0.076073  Δ=-0.001067
  ★ WINNER: VXUS  improvement=+0.000333
────────────────────────────────────────────────────────────────────────
Epoch 75  [startUtility=0.077473  feasible=2]
  VXUS+1%  VTI= 73.5%  VXUS=  4.5%  BND= 22.0%  util=0.077810  Δ=+0.000337
  BND+1%  VTI= 73.5%  VXUS=  3.0%  BND= 23.5%  util=0.076404  Δ=-0.001069
  ★ WINNER: VXUS  improvement=+0.000337
────────────────────────────────────────────────────────────────────────
Epoch 76  [startUtility=0.077810  feasible=3]
  VTI+1%  VTI= 74.5%  VXUS=  4.0%  BND= 21.5%  util=0.078542  Δ=+0.000732
  VXUS+1%  VTI= 73.0%  VXUS=  5.5%  BND= 21.5%  util=0.078138  Δ=+0.000328
  BND+1%  VTI= 73.0%  VXUS=  4.0%  BND= 23.0%  util=0.076742  Δ=-0.001068
  ★ WINNER: VTI  improvement=+0.000732
────────────────────────────────────────────────────────────────────────
Epoch 77  [startUtility=0.078542  feasible=2]
  VXUS+1%  VTI= 74.0%  VXUS=  5.0%  BND= 21.0%  util=0.078873  Δ=+0.000331
  BND+1%  VTI= 74.0%  VXUS=  3.5%  BND= 22.5%  util=0.077473  Δ=-0.001069
  ★ WINNER: VXUS  improvement=+0.000331
────────────────────────────────────────────────────────────────────────
Epoch 78  [startUtility=0.078873  feasible=2]
  VXUS+1%  VTI= 73.5%  VXUS=  6.0%  BND= 20.5%  util=0.079198  Δ=+0.000325
  BND+1%  VTI= 73.5%  VXUS=  4.5%  BND= 22.0%  util=0.077810  Δ=-0.001063
  ★ WINNER: VXUS  improvement=+0.000325
────────────────────────────────────────────────────────────────────────
Epoch 79  [startUtility=0.079198  feasible=3]
  VTI+1%  VTI= 74.5%  VXUS=  5.5%  BND= 20.0%  util=0.079935  Δ=+0.000737
  VXUS+1%  VTI= 73.0%  VXUS=  7.0%  BND= 20.0%  util=0.079528  Δ=+0.000330
  BND+1%  VTI= 73.0%  VXUS=  5.5%  BND= 21.5%  util=0.078138  Δ=-0.001060
  ★ WINNER: VTI  improvement=+0.000737
────────────────────────────────────────────────────────────────────────
Epoch 80  [startUtility=0.079935  feasible=2]
  VXUS+1%  VTI= 74.0%  VXUS=  6.5%  BND= 19.5%  util=0.080259  Δ=+0.000324
  BND+1%  VTI= 74.0%  VXUS=  5.0%  BND= 21.0%  util=0.078873  Δ=-0.001062
  ★ WINNER: VXUS  improvement=+0.000324
────────────────────────────────────────────────────────────────────────
Epoch 81  [startUtility=0.080259  feasible=2]
  VXUS+1%  VTI= 73.5%  VXUS=  7.5%  BND= 19.0%  util=0.080585  Δ=+0.000326
  BND+1%  VTI= 73.5%  VXUS=  6.0%  BND= 20.5%  util=0.079198  Δ=-0.001061
  ★ WINNER: VXUS  improvement=+0.000326
────────────────────────────────────────────────────────────────────────
Epoch 82  [startUtility=0.080585  feasible=3]
  VTI+1%  VTI= 74.5%  VXUS=  7.0%  BND= 18.5%  util=0.081318  Δ=+0.000733
  VXUS+1%  VTI= 73.0%  VXUS=  8.5%  BND= 18.5%  util=0.080915  Δ=+0.000330
  BND+1%  VTI= 73.0%  VXUS=  7.0%  BND= 20.0%  util=0.079528  Δ=-0.001057
  ★ WINNER: VTI  improvement=+0.000733
────────────────────────────────────────────────────────────────────────
Epoch 83  [startUtility=0.081318  feasible=2]
  VXUS+1%  VTI= 74.0%  VXUS=  8.0%  BND= 18.0%  util=0.081643  Δ=+0.000326
  BND+1%  VTI= 74.0%  VXUS=  6.5%  BND= 19.5%  util=0.080259  Δ=-0.001059
  ★ WINNER: VXUS  improvement=+0.000326
────────────────────────────────────────────────────────────────────────
Epoch 84  [startUtility=0.081643  feasible=2]
  VXUS+1%  VTI= 73.5%  VXUS=  9.0%  BND= 17.5%  util=0.081969  Δ=+0.000326
  BND+1%  VTI= 73.5%  VXUS=  7.5%  BND= 19.0%  util=0.080585  Δ=-0.001059
  ★ WINNER: VXUS  improvement=+0.000326
────────────────────────────────────────────────────────────────────────
Epoch 85  [startUtility=0.081969  feasible=3]
  VTI+1%  VTI= 74.5%  VXUS=  8.5%  BND= 17.0%  util=0.082701  Δ=+0.000732
  VXUS+1%  VTI= 73.0%  VXUS= 10.0%  BND= 17.0%  util=0.082297  Δ=+0.000328
  BND+1%  VTI= 73.0%  VXUS=  8.5%  BND= 18.5%  util=0.080915  Δ=-0.001054
  ★ WINNER: VTI  improvement=+0.000732
────────────────────────────────────────────────────────────────────────
Epoch 86  [startUtility=0.082701  feasible=2]
  VXUS+1%  VTI= 74.0%  VXUS=  9.5%  BND= 16.5%  util=0.083026  Δ=+0.000325
  BND+1%  VTI= 74.0%  VXUS=  8.0%  BND= 18.0%  util=0.081643  Δ=-0.001058
  ★ WINNER: VXUS  improvement=+0.000325
────────────────────────────────────────────────────────────────────────
Epoch 87  [startUtility=0.083026  feasible=2]
  VXUS+1%  VTI= 73.5%  VXUS= 10.5%  BND= 16.0%  util=0.083346  Δ=+0.000320
  BND+1%  VTI= 73.5%  VXUS=  9.0%  BND= 17.5%  util=0.081969  Δ=-0.001057
  ★ WINNER: VXUS  improvement=+0.000320
────────────────────────────────────────────────────────────────────────
Epoch 88  [startUtility=0.083346  feasible=3]
  VTI+1%  VTI= 74.5%  VXUS= 10.0%  BND= 15.5%  util=0.084077  Δ=+0.000731
  VXUS+1%  VTI= 73.0%  VXUS= 11.5%  BND= 15.5%  util=0.083676  Δ=+0.000330
  BND+1%  VTI= 73.0%  VXUS= 10.0%  BND= 17.0%  util=0.082297  Δ=-0.001050
  ★ WINNER: VTI  improvement=+0.000731
────────────────────────────────────────────────────────────────────────
Epoch 89  [startUtility=0.084077  feasible=2]
  VXUS+1%  VTI= 74.0%  VXUS= 11.0%  BND= 15.0%  util=0.084394  Δ=+0.000317
  BND+1%  VTI= 74.0%  VXUS=  9.5%  BND= 16.5%  util=0.083026  Δ=-0.001051
  ★ WINNER: VXUS  improvement=+0.000317
────────────────────────────────────────────────────────────────────────
Epoch 90  [startUtility=0.084394  feasible=2]
  VXUS+1%  VTI= 73.5%  VXUS= 12.0%  BND= 14.5%  util=0.084719  Δ=+0.000325
  BND+1%  VTI= 73.5%  VXUS= 10.5%  BND= 16.0%  util=0.083346  Δ=-0.001048
  ★ WINNER: VXUS  improvement=+0.000325
────────────────────────────────────────────────────────────────────────
Epoch 91  [startUtility=0.084719  feasible=3]
  VTI+1%  VTI= 74.5%  VXUS= 11.5%  BND= 14.0%  util=0.085442  Δ=+0.000724
  VXUS+1%  VTI= 73.0%  VXUS= 13.0%  BND= 14.0%  util=0.085041  Δ=+0.000323
  BND+1%  VTI= 73.0%  VXUS= 11.5%  BND= 15.5%  util=0.083676  Δ=-0.001043
  ★ WINNER: VTI  improvement=+0.000724
────────────────────────────────────────────────────────────────────────
Epoch 92  [startUtility=0.085442  feasible=2]
  VXUS+1%  VTI= 74.0%  VXUS= 12.5%  BND= 13.5%  util=0.085762  Δ=+0.000319
  BND+1%  VTI= 74.0%  VXUS= 11.0%  BND= 15.0%  util=0.084394  Δ=-0.001048
  ★ WINNER: VXUS  improvement=+0.000319
────────────────────────────────────────────────────────────────────────
Epoch 93  [startUtility=0.085762  feasible=2]
  VXUS+1%  VTI= 73.5%  VXUS= 13.5%  BND= 13.0%  util=0.086068  Δ=+0.000306
  BND+1%  VTI= 73.5%  VXUS= 12.0%  BND= 14.5%  util=0.084719  Δ=-0.001043
  ★ WINNER: VXUS  improvement=+0.000306
────────────────────────────────────────────────────────────────────────
Epoch 94  [startUtility=0.086068  feasible=3]
  VTI+1%  VTI= 74.5%  VXUS= 13.0%  BND= 12.5%  util=0.086798  Δ=+0.000729
  VXUS+1%  VTI= 73.0%  VXUS= 14.5%  BND= 12.5%  util=0.086383  Δ=+0.000314
  BND+1%  VTI= 73.0%  VXUS= 13.0%  BND= 14.0%  util=0.085041  Δ=-0.001027
  ★ WINNER: VTI  improvement=+0.000729
────────────────────────────────────────────────────────────────────────
Epoch 95  [startUtility=0.086798  feasible=2]
  VXUS+1%  VTI= 74.0%  VXUS= 14.0%  BND= 12.0%  util=0.087103  Δ=+0.000305
  BND+1%  VTI= 74.0%  VXUS= 12.5%  BND= 13.5%  util=0.085762  Δ=-0.001036
  ★ WINNER: VXUS  improvement=+0.000305
────────────────────────────────────────────────────────────────────────
Epoch 96  [startUtility=0.087103  feasible=2]
  VXUS+1%  VTI= 73.5%  VXUS= 15.0%  BND= 11.5%  util=0.087402  Δ=+0.000299
  BND+1%  VTI= 73.5%  VXUS= 13.5%  BND= 13.0%  util=0.086068  Δ=-0.001035
  ★ WINNER: VXUS  improvement=+0.000299
────────────────────────────────────────────────────────────────────────
Epoch 97  [startUtility=0.087402  feasible=3]
  VTI+1%  VTI= 74.5%  VXUS= 14.5%  BND= 11.0%  util=0.088133  Δ=+0.000731
  VXUS+1%  VTI= 73.0%  VXUS= 16.0%  BND= 11.0%  util=0.087686  Δ=+0.000284
  BND+1%  VTI= 73.0%  VXUS= 14.5%  BND= 12.5%  util=0.086383  Δ=-0.001019
  ★ WINNER: VTI  improvement=+0.000731
────────────────────────────────────────────────────────────────────────
Epoch 98  [startUtility=0.088133  feasible=2]
  VXUS+1%  VTI= 74.0%  VXUS= 15.5%  BND= 10.5%  util=0.088422  Δ=+0.000289
  BND+1%  VTI= 74.0%  VXUS= 14.0%  BND= 12.0%  util=0.087103  Δ=-0.001030
  ★ WINNER: VXUS  improvement=+0.000289
────────────────────────────────────────────────────────────────────────
Epoch 99  [startUtility=0.088422  feasible=2]
  VXUS+1%  VTI= 73.5%  VXUS= 16.5%  BND= 10.0%  util=0.088701  Δ=+0.000279
  BND+1%  VTI= 73.5%  VXUS= 15.0%  BND= 11.5%  util=0.087402  Δ=-0.001020
  ★ WINNER: VXUS  improvement=+0.000279
────────────────────────────────────────────────────────────────────────
Epoch 100  [startUtility=0.088701  feasible=3]
  VTI+1%  VTI= 74.5%  VXUS= 16.0%  BND=  9.5%  util=0.089447  Δ=+0.000747
  VXUS+1%  VTI= 73.0%  VXUS= 17.5%  BND=  9.5%  util=0.088982  Δ=+0.000281
  BND+1%  VTI= 73.0%  VXUS= 16.0%  BND= 11.0%  util=0.087686  Δ=-0.001015
  ★ WINNER: VTI  improvement=+0.000747
────────────────────────────────────────────────────────────────────────
Epoch 101  [startUtility=0.089447  feasible=2]
  VXUS+1%  VTI= 74.0%  VXUS= 17.0%  BND=  9.0%  util=0.089717  Δ=+0.000270
  BND+1%  VTI= 74.0%  VXUS= 15.5%  BND= 10.5%  util=0.088422  Δ=-0.001026
  ★ WINNER: VXUS  improvement=+0.000270
────────────────────────────────────────────────────────────────────────
Epoch 102  [startUtility=0.089717  feasible=2]
  VXUS+1%  VTI= 73.5%  VXUS= 18.0%  BND=  8.5%  util=0.089996  Δ=+0.000279
  BND+1%  VTI= 73.5%  VXUS= 16.5%  BND= 10.0%  util=0.088701  Δ=-0.001016
  ★ WINNER: VXUS  improvement=+0.000279
────────────────────────────────────────────────────────────────────────
Epoch 103  [startUtility=0.089996  feasible=3]
  VTI+1%  VTI= 74.5%  VXUS= 17.5%  BND=  8.0%  util=0.090741  Δ=+0.000745
  VXUS+1%  VTI= 73.0%  VXUS= 19.0%  BND=  8.0%  util=0.090279  Δ=+0.000283
  BND+1%  VTI= 73.0%  VXUS= 17.5%  BND=  9.5%  util=0.088982  Δ=-0.001014
  ★ WINNER: VTI  improvement=+0.000745
────────────────────────────────────────────────────────────────────────
Epoch 104  [startUtility=0.090741  feasible=2]
  VXUS+1%  VTI= 74.0%  VXUS= 18.5%  BND=  7.5%  util=0.091010  Δ=+0.000269
  BND+1%  VTI= 74.0%  VXUS= 17.0%  BND=  9.0%  util=0.089717  Δ=-0.001024
  ★ WINNER: VXUS  improvement=+0.000269
────────────────────────────────────────────────────────────────────────
Epoch 105  [startUtility=0.091010  feasible=2]
  VXUS+1%  VTI= 73.5%  VXUS= 19.5%  BND=  7.0%  util=0.091291  Δ=+0.000281
  BND+1%  VTI= 73.5%  VXUS= 18.0%  BND=  8.5%  util=0.089996  Δ=-0.001014
  ★ WINNER: VXUS  improvement=+0.000281
────────────────────────────────────────────────────────────────────────
Epoch 106  [startUtility=0.091291  feasible=3]
  VTI+1%  VTI= 74.5%  VXUS= 19.0%  BND=  6.5%  util=0.092031  Δ=+0.000740
  VXUS+1%  VTI= 73.0%  VXUS= 20.5%  BND=  6.5%  util=0.091564  Δ=+0.000273
  BND+1%  VTI= 73.0%  VXUS= 19.0%  BND=  8.0%  util=0.090279  Δ=-0.001012
  ★ WINNER: VTI  improvement=+0.000740
────────────────────────────────────────────────────────────────────────
Epoch 107  [startUtility=0.092031  feasible=2]
  VXUS+1%  VTI= 74.0%  VXUS= 20.0%  BND=  6.0%  util=0.092302  Δ=+0.000271
  BND+1%  VTI= 74.0%  VXUS= 18.5%  BND=  7.5%  util=0.091010  Δ=-0.001021
  ★ WINNER: VXUS  improvement=+0.000271
────────────────────────────────────────────────────────────────────────
Epoch 108  [startUtility=0.092302  feasible=2]
  VXUS+1%  VTI= 73.5%  VXUS= 21.0%  BND=  5.5%  util=0.092572  Δ=+0.000270
  BND+1%  VTI= 73.5%  VXUS= 19.5%  BND=  7.0%  util=0.091291  Δ=-0.001011
  ★ WINNER: VXUS  improvement=+0.000270
────────────────────────────────────────────────────────────────────────
Epoch 109  [startUtility=0.092572  feasible=3]
  VTI+1%  VTI= 74.5%  VXUS= 20.5%  BND=  5.0%  util=0.093316  Δ=+0.000744
  VXUS+1%  VTI= 73.0%  VXUS= 22.0%  BND=  5.0%  util=0.092837  Δ=+0.000264
  BND+1%  VTI= 73.0%  VXUS= 20.5%  BND=  6.5%  util=0.091564  Δ=-0.001009
  ★ WINNER: VTI  improvement=+0.000744
────────────────────────────────────────────────────────────────────────
Epoch 110  [startUtility=0.093316  feasible=2]
  VXUS+1%  VTI= 74.0%  VXUS= 21.5%  BND=  4.5%  util=0.093581  Δ=+0.000265
  BND+1%  VTI= 74.0%  VXUS= 20.0%  BND=  6.0%  util=0.092302  Δ=-0.001014
  ★ WINNER: VXUS  improvement=+0.000265
────────────────────────────────────────────────────────────────────────
Epoch 111  [startUtility=0.093581  feasible=2]
  VXUS+1%  VTI= 73.5%  VXUS= 22.5%  BND=  4.0%  util=0.093843  Δ=+0.000262
  BND+1%  VTI= 73.5%  VXUS= 21.0%  BND=  5.5%  util=0.092572  Δ=-0.001009
  ★ WINNER: VXUS  improvement=+0.000262
────────────────────────────────────────────────────────────────────────
Epoch 112  [startUtility=0.093843  feasible=3]
  VTI+1%  VTI= 74.5%  VXUS= 22.0%  BND=  3.5%  util=0.094589  Δ=+0.000746
  VXUS+1%  VTI= 73.0%  VXUS= 23.5%  BND=  3.5%  util=0.094101  Δ=+0.000258
  BND+1%  VTI= 73.0%  VXUS= 22.0%  BND=  5.0%  util=0.092837  Δ=-0.001006
  ★ WINNER: VTI  improvement=+0.000746
────────────────────────────────────────────────────────────────────────
Epoch 113  [startUtility=0.094589  feasible=2]
  VXUS+1%  VTI= 74.0%  VXUS= 23.0%  BND=  3.0%  util=0.094848  Δ=+0.000260
  BND+1%  VTI= 74.0%  VXUS= 21.5%  BND=  4.5%  util=0.093581  Δ=-0.001008
  ★ WINNER: VXUS  improvement=+0.000260
────────────────────────────────────────────────────────────────────────
Epoch 114  [startUtility=0.094848  feasible=2]
