=== OPTIMIZATION DEBUG: SP-20-30 ===
Time:   Thu Apr 02 12:30:36 EDT 2026
Start:  NFLX= 11.4%  JNJ= 10.5%  WMT= 10.2%  BAC=  9.5%  CRM=  9.2%  ORCL=  9.1%  MRK=  8.5%  NOW=  8.3%  ABBV=  8.0%  AMD=  7.7%  IBM=  7.6%
        utility = 0.431355

────────────────────────────────────────────────────────────────────────
Epoch 0  [startUtility=0.431355  feasible=11]
  NFLX+1%  NFLX= 12.4%  JNJ= 10.4%  WMT= 10.1%  BAC=  9.4%  CRM=  9.1%  ORCL=  9.0%  MRK=  8.4%  NOW=  8.2%  ABBV=  7.9%  AMD=  7.6%  IBM=  7.5%  util=0.433992  Δ=+0.002637
  JNJ+1%  NFLX= 11.3%  JNJ= 11.5%  WMT= 10.1%  BAC=  9.4%  CRM=  9.1%  ORCL=  9.0%  MRK=  8.4%  NOW=  8.2%  ABBV=  7.9%  AMD=  7.6%  IBM=  7.5%  util=0.428630  Δ=-0.002725
  WMT+1%  NFLX= 11.3%  JNJ= 10.4%  WMT= 11.2%  BAC=  9.4%  CRM=  9.1%  ORCL=  9.0%  MRK=  8.4%  NOW=  8.2%  ABBV=  7.9%  AMD=  7.6%  IBM=  7.5%  util=0.430424  Δ=-0.000931
  BAC+1%  NFLX= 11.3%  JNJ= 10.4%  WMT= 10.1%  BAC= 10.5%  CRM=  9.1%  ORCL=  9.0%  MRK=  8.4%  NOW=  8.2%  ABBV=  7.9%  AMD=  7.6%  IBM=  7.5%  util=0.430421  Δ=-0.000934
  CRM+1%  NFLX= 11.3%  JNJ= 10.4%  WMT= 10.1%  BAC=  9.4%  CRM= 10.2%  ORCL=  9.0%  MRK=  8.4%  NOW=  8.2%  ABBV=  7.9%  AMD=  7.6%  IBM=  7.5%  util=0.429616  Δ=-0.001739
  ORCL+1%  NFLX= 11.3%  JNJ= 10.4%  WMT= 10.1%  BAC=  9.4%  CRM=  9.1%  ORCL= 10.1%  MRK=  8.4%  NOW=  8.2%  ABBV=  7.9%  AMD=  7.6%  IBM=  7.5%  util=0.430570  Δ=-0.000785
  MRK+1%  NFLX= 11.3%  JNJ= 10.4%  WMT= 10.1%  BAC=  9.4%  CRM=  9.1%  ORCL=  9.0%  MRK=  9.5%  NOW=  8.2%  ABBV=  7.9%  AMD=  7.6%  IBM=  7.5%  util=0.428985  Δ=-0.002370
  NOW+1%  NFLX= 11.3%  JNJ= 10.4%  WMT= 10.1%  BAC=  9.4%  CRM=  9.1%  ORCL=  9.0%  MRK=  8.4%  NOW=  9.3%  ABBV=  7.9%  AMD=  7.6%  IBM=  7.5%  util=0.431854  Δ=+0.000500
  ABBV+1%  NFLX= 11.3%  JNJ= 10.4%  WMT= 10.1%  BAC=  9.4%  CRM=  9.1%  ORCL=  9.0%  MRK=  8.4%  NOW=  8.2%  ABBV=  9.0%  AMD=  7.6%  IBM=  7.5%  util=0.431417  Δ=+0.000063
  AMD+1%  NFLX= 11.3%  JNJ= 10.4%  WMT= 10.1%  BAC=  9.4%  CRM=  9.1%  ORCL=  9.0%  MRK=  8.4%  NOW=  8.2%  ABBV=  7.9%  AMD=  8.7%  IBM=  7.5%  util=0.439531  Δ=+0.008177
  IBM+1%  NFLX= 11.3%  JNJ= 10.4%  WMT= 10.1%  BAC=  9.4%  CRM=  9.1%  ORCL=  9.0%  MRK=  8.4%  NOW=  8.2%  ABBV=  7.9%  AMD=  7.6%  IBM=  8.6%  util=0.429257  Δ=-0.002097
  ★ WINNER: AMD  improvement=+0.008177
────────────────────────────────────────────────────────────────────────
Epoch 1  [startUtility=0.439531  feasible=11]
  NFLX+1%  NFLX= 12.3%  JNJ= 10.3%  WMT= 10.0%  BAC=  9.3%  CRM=  9.0%  ORCL=  8.9%  MRK=  8.3%  NOW=  8.1%  ABBV=  7.8%  AMD=  8.6%  IBM=  7.4%  util=0.442248  Δ=+0.002717
  JNJ+1%  NFLX= 11.2%  JNJ= 11.4%  WMT= 10.0%  BAC=  9.3%  CRM=  9.0%  ORCL=  8.9%  MRK=  8.3%  NOW=  8.1%  ABBV=  7.8%  AMD=  8.6%  IBM=  7.4%  util=0.436811  Δ=-0.002721
  WMT+1%  NFLX= 11.2%  JNJ= 10.3%  WMT= 11.1%  BAC=  9.3%  CRM=  9.0%  ORCL=  8.9%  MRK=  8.3%  NOW=  8.1%  ABBV=  7.8%  AMD=  8.6%  IBM=  7.4%  util=0.438613  Δ=-0.000918
  BAC+1%  NFLX= 11.2%  JNJ= 10.3%  WMT= 10.0%  BAC= 10.4%  CRM=  9.0%  ORCL=  8.9%  MRK=  8.3%  NOW=  8.1%  ABBV=  7.8%  AMD=  8.6%  IBM=  7.4%  util=0.438593  Δ=-0.000939
  CRM+1%  NFLX= 11.2%  JNJ= 10.3%  WMT= 10.0%  BAC=  9.3%  CRM= 10.1%  ORCL=  8.9%  MRK=  8.3%  NOW=  8.1%  ABBV=  7.8%  AMD=  8.6%  IBM=  7.4%  util=0.437879  Δ=-0.001653
  ORCL+1%  NFLX= 11.2%  JNJ= 10.3%  WMT= 10.0%  BAC=  9.3%  CRM=  9.0%  ORCL= 10.0%  MRK=  8.3%  NOW=  8.1%  ABBV=  7.8%  AMD=  8.6%  IBM=  7.4%  util=0.438788  Δ=-0.000743
  MRK+1%  NFLX= 11.2%  JNJ= 10.3%  WMT= 10.0%  BAC=  9.3%  CRM=  9.0%  ORCL=  8.9%  MRK=  9.4%  NOW=  8.1%  ABBV=  7.8%  AMD=  8.6%  IBM=  7.4%  util=0.437137  Δ=-0.002394
  NOW+1%  NFLX= 11.2%  JNJ= 10.3%  WMT= 10.0%  BAC=  9.3%  CRM=  9.0%  ORCL=  8.9%  MRK=  8.3%  NOW=  9.2%  ABBV=  7.8%  AMD=  8.6%  IBM=  7.4%  util=0.440119  Δ=+0.000588
  ABBV+1%  NFLX= 11.2%  JNJ= 10.3%  WMT= 10.0%  BAC=  9.3%  CRM=  9.0%  ORCL=  8.9%  MRK=  8.3%  NOW=  8.1%  ABBV=  8.9%  AMD=  8.6%  IBM=  7.4%  util=0.439631  Δ=+0.000100
  AMD+1%  NFLX= 11.2%  JNJ= 10.3%  WMT= 10.0%  BAC=  9.3%  CRM=  9.0%  ORCL=  8.9%  MRK=  8.3%  NOW=  8.1%  ABBV=  7.8%  AMD=  9.7%  IBM=  7.4%  util=0.447294  Δ=+0.007763
  IBM+1%  NFLX= 11.2%  JNJ= 10.3%  WMT= 10.0%  BAC=  9.3%  CRM=  9.0%  ORCL=  8.9%  MRK=  8.3%  NOW=  8.1%  ABBV=  7.8%  AMD=  8.6%  IBM=  8.5%  util=0.437438  Δ=-0.002094
  ★ WINNER: AMD  improvement=+0.007763
────────────────────────────────────────────────────────────────────────
Epoch 2  [startUtility=0.447294  feasible=11]
  NFLX+1%  NFLX= 12.2%  JNJ= 10.2%  WMT=  9.9%  BAC=  9.2%  CRM=  8.9%  ORCL=  8.8%  MRK=  8.2%  NOW=  8.0%  ABBV=  7.7%  AMD=  9.6%  IBM=  7.3%  util=0.450161  Δ=+0.002867
  JNJ+1%  NFLX= 11.1%  JNJ= 11.3%  WMT=  9.9%  BAC=  9.2%  CRM=  8.9%  ORCL=  8.8%  MRK=  8.2%  NOW=  8.0%  ABBV=  7.7%  AMD=  9.6%  IBM=  7.3%  util=0.444564  Δ=-0.002730
  WMT+1%  NFLX= 11.1%  JNJ= 10.2%  WMT= 11.0%  BAC=  9.2%  CRM=  8.9%  ORCL=  8.8%  MRK=  8.2%  NOW=  8.0%  ABBV=  7.7%  AMD=  9.6%  IBM=  7.3%  util=0.446379  Δ=-0.000915
  BAC+1%  NFLX= 11.1%  JNJ= 10.2%  WMT=  9.9%  BAC= 10.3%  CRM=  8.9%  ORCL=  8.8%  MRK=  8.2%  NOW=  8.0%  ABBV=  7.7%  AMD=  9.6%  IBM=  7.3%  util=0.446382  Δ=-0.000912
  CRM+1%  NFLX= 11.1%  JNJ= 10.2%  WMT=  9.9%  BAC=  9.2%  CRM= 10.0%  ORCL=  8.8%  MRK=  8.2%  NOW=  8.0%  ABBV=  7.7%  AMD=  9.6%  IBM=  7.3%  util=0.445681  Δ=-0.001614
  ORCL+1%  NFLX= 11.1%  JNJ= 10.2%  WMT=  9.9%  BAC=  9.2%  CRM=  8.9%  ORCL=  9.9%  MRK=  8.2%  NOW=  8.0%  ABBV=  7.7%  AMD=  9.6%  IBM=  7.3%  util=0.446603  Δ=-0.000692
  MRK+1%  NFLX= 11.1%  JNJ= 10.2%  WMT=  9.9%  BAC=  9.2%  CRM=  8.9%  ORCL=  8.8%  MRK=  9.3%  NOW=  8.0%  ABBV=  7.7%  AMD=  9.6%  IBM=  7.3%  util=0.444892  Δ=-0.002402
  NOW+1%  NFLX= 11.1%  JNJ= 10.2%  WMT=  9.9%  BAC=  9.2%  CRM=  8.9%  ORCL=  8.8%  MRK=  8.2%  NOW=  9.1%  ABBV=  7.7%  AMD=  9.6%  IBM=  7.3%  util=0.447955  Δ=+0.000661
  ABBV+1%  NFLX= 11.1%  JNJ= 10.2%  WMT=  9.9%  BAC=  9.2%  CRM=  8.9%  ORCL=  8.8%  MRK=  8.2%  NOW=  8.0%  ABBV=  8.8%  AMD=  9.6%  IBM=  7.3%  util=0.447422  Δ=+0.000128
  AMD+1%  NFLX= 11.1%  JNJ= 10.2%  WMT=  9.9%  BAC=  9.2%  CRM=  8.9%  ORCL=  8.8%  MRK=  8.2%  NOW=  8.0%  ABBV=  7.7%  AMD= 10.7%  IBM=  7.3%  util=0.454805  Δ=+0.007511
  IBM+1%  NFLX= 11.1%  JNJ= 10.2%  WMT=  9.9%  BAC=  9.2%  CRM=  8.9%  ORCL=  8.8%  MRK=  8.2%  NOW=  8.0%  ABBV=  7.7%  AMD=  9.6%  IBM=  8.4%  util=0.445214  Δ=-0.002080
  ★ WINNER: AMD  improvement=+0.007511
────────────────────────────────────────────────────────────────────────
Epoch 3  [startUtility=0.454805  feasible=11]
  NFLX+1%  NFLX= 12.1%  JNJ= 10.1%  WMT=  9.8%  BAC=  9.1%  CRM=  8.8%  ORCL=  8.7%  MRK=  8.1%  NOW=  7.9%  ABBV=  7.6%  AMD= 10.6%  IBM=  7.2%  util=0.457739  Δ=+0.002933
  JNJ+1%  NFLX= 11.0%  JNJ= 11.2%  WMT=  9.8%  BAC=  9.1%  CRM=  8.8%  ORCL=  8.7%  MRK=  8.1%  NOW=  7.9%  ABBV=  7.6%  AMD= 10.6%  IBM=  7.2%  util=0.452064  Δ=-0.002741
  WMT+1%  NFLX= 11.0%  JNJ= 10.1%  WMT= 10.9%  BAC=  9.1%  CRM=  8.8%  ORCL=  8.7%  MRK=  8.1%  NOW=  7.9%  ABBV=  7.6%  AMD= 10.6%  IBM=  7.2%  util=0.453902  Δ=-0.000903
  BAC+1%  NFLX= 11.0%  JNJ= 10.1%  WMT=  9.8%  BAC= 10.2%  CRM=  8.8%  ORCL=  8.7%  MRK=  8.1%  NOW=  7.9%  ABBV=  7.6%  AMD= 10.6%  IBM=  7.2%  util=0.453914  Δ=-0.000891
  CRM+1%  NFLX= 11.0%  JNJ= 10.1%  WMT=  9.8%  BAC=  9.1%  CRM=  9.9%  ORCL=  8.7%  MRK=  8.1%  NOW=  7.9%  ABBV=  7.6%  AMD= 10.6%  IBM=  7.2%  util=0.453193  Δ=-0.001612
  ORCL+1%  NFLX= 11.0%  JNJ= 10.1%  WMT=  9.8%  BAC=  9.1%  CRM=  8.8%  ORCL=  9.8%  MRK=  8.1%  NOW=  7.9%  ABBV=  7.6%  AMD= 10.6%  IBM=  7.2%  util=0.454120  Δ=-0.000685
  MRK+1%  NFLX= 11.0%  JNJ= 10.1%  WMT=  9.8%  BAC=  9.1%  CRM=  8.8%  ORCL=  8.7%  MRK=  9.2%  NOW=  7.9%  ABBV=  7.6%  AMD= 10.6%  IBM=  7.2%  util=0.452408  Δ=-0.002397
  NOW+1%  NFLX= 11.0%  JNJ= 10.1%  WMT=  9.8%  BAC=  9.1%  CRM=  8.8%  ORCL=  8.7%  MRK=  8.1%  NOW=  9.0%  ABBV=  7.6%  AMD= 10.6%  IBM=  7.2%  util=0.455490  Δ=+0.000685
  ABBV+1%  NFLX= 11.0%  JNJ= 10.1%  WMT=  9.8%  BAC=  9.1%  CRM=  8.8%  ORCL=  8.7%  MRK=  8.1%  NOW=  7.9%  ABBV=  8.7%  AMD= 10.6%  IBM=  7.2%  util=0.454949  Δ=+0.000144
  AMD+1%  NFLX= 11.0%  JNJ= 10.1%  WMT=  9.8%  BAC=  9.1%  CRM=  8.8%  ORCL=  8.7%  MRK=  8.1%  NOW=  7.9%  ABBV=  7.6%  AMD= 11.7%  IBM=  7.2%  util=0.462027  Δ=+0.007222
  IBM+1%  NFLX= 11.0%  JNJ= 10.1%  WMT=  9.8%  BAC=  9.1%  CRM=  8.8%  ORCL=  8.7%  MRK=  8.1%  NOW=  7.9%  ABBV=  7.6%  AMD= 10.6%  IBM=  8.3%  util=0.452729  Δ=-0.002076
  ★ WINNER: AMD  improvement=+0.007222
────────────────────────────────────────────────────────────────────────
Epoch 4  [startUtility=0.462027  feasible=11]
  NFLX+1%  NFLX= 12.0%  JNJ= 10.0%  WMT=  9.7%  BAC=  9.0%  CRM=  8.7%  ORCL=  8.6%  MRK=  8.0%  NOW=  7.8%  ABBV=  7.5%  AMD= 11.6%  IBM=  7.1%  util=0.465061  Δ=+0.003034
  JNJ+1%  NFLX= 10.9%  JNJ= 11.1%  WMT=  9.7%  BAC=  9.0%  CRM=  8.7%  ORCL=  8.6%  MRK=  8.0%  NOW=  7.8%  ABBV=  7.5%  AMD= 11.6%  IBM=  7.1%  util=0.459289  Δ=-0.002738
  WMT+1%  NFLX= 10.9%  JNJ= 10.0%  WMT= 10.8%  BAC=  9.0%  CRM=  8.7%  ORCL=  8.6%  MRK=  8.0%  NOW=  7.8%  ABBV=  7.5%  AMD= 11.6%  IBM=  7.1%  util=0.461163  Δ=-0.000864
  BAC+1%  NFLX= 10.9%  JNJ= 10.0%  WMT=  9.7%  BAC= 10.1%  CRM=  8.7%  ORCL=  8.6%  MRK=  8.0%  NOW=  7.8%  ABBV=  7.5%  AMD= 11.6%  IBM=  7.1%  util=0.461179  Δ=-0.000847
  CRM+1%  NFLX= 10.9%  JNJ= 10.0%  WMT=  9.7%  BAC=  9.0%  CRM=  9.8%  ORCL=  8.6%  MRK=  8.0%  NOW=  7.8%  ABBV=  7.5%  AMD= 11.6%  IBM=  7.1%  util=0.460443  Δ=-0.001584
  ORCL+1%  NFLX= 10.9%  JNJ= 10.0%  WMT=  9.7%  BAC=  9.0%  CRM=  8.7%  ORCL=  9.7%  MRK=  8.0%  NOW=  7.8%  ABBV=  7.5%  AMD= 11.6%  IBM=  7.1%  util=0.461401  Δ=-0.000626
  MRK+1%  NFLX= 10.9%  JNJ= 10.0%  WMT=  9.7%  BAC=  9.0%  CRM=  8.7%  ORCL=  8.6%  MRK=  9.1%  NOW=  7.8%  ABBV=  7.5%  AMD= 11.6%  IBM=  7.1%  util=0.459645  Δ=-0.002382
  NOW+1%  NFLX= 10.9%  JNJ= 10.0%  WMT=  9.7%  BAC=  9.0%  CRM=  8.7%  ORCL=  8.6%  MRK=  8.0%  NOW=  8.9%  ABBV=  7.5%  AMD= 11.6%  IBM=  7.1%  util=0.462775  Δ=+0.000749
  ABBV+1%  NFLX= 10.9%  JNJ= 10.0%  WMT=  9.7%  BAC=  9.0%  CRM=  8.7%  ORCL=  8.6%  MRK=  8.0%  NOW=  7.8%  ABBV=  8.6%  AMD= 11.6%  IBM=  7.1%  util=0.462213  Δ=+0.000186
  AMD+1%  NFLX= 10.9%  JNJ= 10.0%  WMT=  9.7%  BAC=  9.0%  CRM=  8.7%  ORCL=  8.6%  MRK=  8.0%  NOW=  7.8%  ABBV=  7.5%  AMD= 12.7%  IBM=  7.1%  util=0.469052  Δ=+0.007025
  IBM+1%  NFLX= 10.9%  JNJ= 10.0%  WMT=  9.7%  BAC=  9.0%  CRM=  8.7%  ORCL=  8.6%  MRK=  8.0%  NOW=  7.8%  ABBV=  7.5%  AMD= 11.6%  IBM=  8.2%  util=0.459980  Δ=-0.002047
  ★ WINNER: AMD  improvement=+0.007025
────────────────────────────────────────────────────────────────────────
Epoch 5  [startUtility=0.469052  feasible=11]
  NFLX+1%  NFLX= 11.9%  JNJ=  9.9%  WMT=  9.6%  BAC=  8.9%  CRM=  8.6%  ORCL=  8.5%  MRK=  7.9%  NOW=  7.7%  ABBV=  7.4%  AMD= 12.6%  IBM=  7.0%  util=0.472164  Δ=+0.003113
  JNJ+1%  NFLX= 10.8%  JNJ= 11.0%  WMT=  9.6%  BAC=  8.9%  CRM=  8.6%  ORCL=  8.5%  MRK=  7.9%  NOW=  7.7%  ABBV=  7.4%  AMD= 12.6%  IBM=  7.0%  util=0.466304  Δ=-0.002747
  WMT+1%  NFLX= 10.8%  JNJ=  9.9%  WMT= 10.7%  BAC=  8.9%  CRM=  8.6%  ORCL=  8.5%  MRK=  7.9%  NOW=  7.7%  ABBV=  7.4%  AMD= 12.6%  IBM=  7.0%  util=0.468192  Δ=-0.000859
  BAC+1%  NFLX= 10.8%  JNJ=  9.9%  WMT=  9.6%  BAC= 10.0%  CRM=  8.6%  ORCL=  8.5%  MRK=  7.9%  NOW=  7.7%  ABBV=  7.4%  AMD= 12.6%  IBM=  7.0%  util=0.468214  Δ=-0.000837
  CRM+1%  NFLX= 10.8%  JNJ=  9.9%  WMT=  9.6%  BAC=  8.9%  CRM=  9.7%  ORCL=  8.5%  MRK=  7.9%  NOW=  7.7%  ABBV=  7.4%  AMD= 12.6%  IBM=  7.0%  util=0.467487  Δ=-0.001565
  ORCL+1%  NFLX= 10.8%  JNJ=  9.9%  WMT=  9.6%  BAC=  8.9%  CRM=  8.6%  ORCL=  9.6%  MRK=  7.9%  NOW=  7.7%  ABBV=  7.4%  AMD= 12.6%  IBM=  7.0%  util=0.468420  Δ=-0.000631
  MRK+1%  NFLX= 10.8%  JNJ=  9.9%  WMT=  9.6%  BAC=  8.9%  CRM=  8.6%  ORCL=  8.5%  MRK=  9.0%  NOW=  7.7%  ABBV=  7.4%  AMD= 12.6%  IBM=  7.0%  util=0.466658  Δ=-0.002393
  NOW+1%  NFLX= 10.8%  JNJ=  9.9%  WMT=  9.6%  BAC=  8.9%  CRM=  8.6%  ORCL=  8.5%  MRK=  7.9%  NOW=  8.8%  ABBV=  7.4%  AMD= 12.6%  IBM=  7.0%  util=0.469827  Δ=+0.000776
  ABBV+1%  NFLX= 10.8%  JNJ=  9.9%  WMT=  9.6%  BAC=  8.9%  CRM=  8.6%  ORCL=  8.5%  MRK=  7.9%  NOW=  7.7%  ABBV=  8.5%  AMD= 12.6%  IBM=  7.0%  util=0.469245  Δ=+0.000193
  AMD+1%  NFLX= 10.8%  JNJ=  9.9%  WMT=  9.6%  BAC=  8.9%  CRM=  8.6%  ORCL=  8.5%  MRK=  7.9%  NOW=  7.7%  ABBV=  7.4%  AMD= 13.7%  IBM=  7.0%  util=0.475823  Δ=+0.006772
  IBM+1%  NFLX= 10.8%  JNJ=  9.9%  WMT=  9.6%  BAC=  8.9%  CRM=  8.6%  ORCL=  8.5%  MRK=  7.9%  NOW=  7.7%  ABBV=  7.4%  AMD= 12.6%  IBM=  8.1%  util=0.467013  Δ=-0.002039
  ★ WINNER: AMD  improvement=+0.006772
────────────────────────────────────────────────────────────────────────
Epoch 6  [startUtility=0.475823  feasible=11]
  NFLX+1%  NFLX= 11.8%  JNJ=  9.8%  WMT=  9.5%  BAC=  8.8%  CRM=  8.5%  ORCL=  8.4%  MRK=  7.8%  NOW=  7.6%  ABBV=  7.3%  AMD= 13.6%  IBM=  6.9%  util=0.479075  Δ=+0.003251
  JNJ+1%  NFLX= 10.7%  JNJ= 10.9%  WMT=  9.5%  BAC=  8.8%  CRM=  8.5%  ORCL=  8.4%  MRK=  7.8%  NOW=  7.6%  ABBV=  7.3%  AMD= 13.6%  IBM=  6.9%  util=0.473071  Δ=-0.002752
  WMT+1%  NFLX= 10.7%  JNJ=  9.8%  WMT= 10.6%  BAC=  8.8%  CRM=  8.5%  ORCL=  8.4%  MRK=  7.8%  NOW=  7.6%  ABBV=  7.3%  AMD= 13.6%  IBM=  6.9%  util=0.474982  Δ=-0.000842
  BAC+1%  NFLX= 10.7%  JNJ=  9.8%  WMT=  9.5%  BAC=  9.9%  CRM=  8.5%  ORCL=  8.4%  MRK=  7.8%  NOW=  7.6%  ABBV=  7.3%  AMD= 13.6%  IBM=  6.9%  util=0.474980  Δ=-0.000843
  CRM+1%  NFLX= 10.7%  JNJ=  9.8%  WMT=  9.5%  BAC=  8.8%  CRM=  9.6%  ORCL=  8.4%  MRK=  7.8%  NOW=  7.6%  ABBV=  7.3%  AMD= 13.6%  IBM=  6.9%  util=0.474281  Δ=-0.001543
  ORCL+1%  NFLX= 10.7%  JNJ=  9.8%  WMT=  9.5%  BAC=  8.8%  CRM=  8.5%  ORCL=  9.5%  MRK=  7.8%  NOW=  7.6%  ABBV=  7.3%  AMD= 13.6%  IBM=  6.9%  util=0.475189  Δ=-0.000635
  MRK+1%  NFLX= 10.7%  JNJ=  9.8%  WMT=  9.5%  BAC=  8.8%  CRM=  8.5%  ORCL=  8.4%  MRK=  8.9%  NOW=  7.6%  ABBV=  7.3%  AMD= 13.6%  IBM=  6.9%  util=0.473418  Δ=-0.002406
  NOW+1%  NFLX= 10.7%  JNJ=  9.8%  WMT=  9.5%  BAC=  8.8%  CRM=  8.5%  ORCL=  8.4%  MRK=  7.8%  NOW=  8.7%  ABBV=  7.3%  AMD= 13.6%  IBM=  6.9%  util=0.476644  Δ=+0.000820
  ABBV+1%  NFLX= 10.7%  JNJ=  9.8%  WMT=  9.5%  BAC=  8.8%  CRM=  8.5%  ORCL=  8.4%  MRK=  7.8%  NOW=  7.6%  ABBV=  8.4%  AMD= 13.6%  IBM=  6.9%  util=0.476047  Δ=+0.000224
  AMD+1%  NFLX= 10.7%  JNJ=  9.8%  WMT=  9.5%  BAC=  8.8%  CRM=  8.5%  ORCL=  8.4%  MRK=  7.8%  NOW=  7.6%  ABBV=  7.3%  AMD= 14.7%  IBM=  6.9%  util=0.482419  Δ=+0.006595
  IBM+1%  NFLX= 10.7%  JNJ=  9.8%  WMT=  9.5%  BAC=  8.8%  CRM=  8.5%  ORCL=  8.4%  MRK=  7.8%  NOW=  7.6%  ABBV=  7.3%  AMD= 13.6%  IBM=  8.0%  util=0.473810  Δ=-0.002014
  ★ WINNER: AMD  improvement=+0.006595
────────────────────────────────────────────────────────────────────────
Epoch 7  [startUtility=0.482419  feasible=11]
  NFLX+1%  NFLX= 11.7%  JNJ=  9.7%  WMT=  9.4%  BAC=  8.7%  CRM=  8.4%  ORCL=  8.3%  MRK=  7.7%  NOW=  7.5%  ABBV=  7.2%  AMD= 14.6%  IBM=  6.8%  util=0.485729  Δ=+0.003310
  JNJ+1%  NFLX= 10.6%  JNJ= 10.8%  WMT=  9.4%  BAC=  8.7%  CRM=  8.4%  ORCL=  8.3%  MRK=  7.7%  NOW=  7.5%  ABBV=  7.2%  AMD= 14.6%  IBM=  6.8%  util=0.479646  Δ=-0.002773
  WMT+1%  NFLX= 10.6%  JNJ=  9.7%  WMT= 10.5%  BAC=  8.7%  CRM=  8.4%  ORCL=  8.3%  MRK=  7.7%  NOW=  7.5%  ABBV=  7.2%  AMD= 14.6%  IBM=  6.8%  util=0.481600  Δ=-0.000819
  BAC+1%  NFLX= 10.6%  JNJ=  9.7%  WMT=  9.4%  BAC=  9.8%  CRM=  8.4%  ORCL=  8.3%  MRK=  7.7%  NOW=  7.5%  ABBV=  7.2%  AMD= 14.6%  IBM=  6.8%  util=0.481593  Δ=-0.000826
  CRM+1%  NFLX= 10.6%  JNJ=  9.7%  WMT=  9.4%  BAC=  8.7%  CRM=  9.5%  ORCL=  8.3%  MRK=  7.7%  NOW=  7.5%  ABBV=  7.2%  AMD= 14.6%  IBM=  6.8%  util=0.480902  Δ=-0.001517
  ORCL+1%  NFLX= 10.6%  JNJ=  9.7%  WMT=  9.4%  BAC=  8.7%  CRM=  8.4%  ORCL=  9.4%  MRK=  7.7%  NOW=  7.5%  ABBV=  7.2%  AMD= 14.6%  IBM=  6.8%  util=0.481798  Δ=-0.000621
  MRK+1%  NFLX= 10.6%  JNJ=  9.7%  WMT=  9.4%  BAC=  8.7%  CRM=  8.4%  ORCL=  8.3%  MRK=  8.8%  NOW=  7.5%  ABBV=  7.2%  AMD= 14.6%  IBM=  6.8%  util=0.480013  Δ=-0.002406
  NOW+1%  NFLX= 10.6%  JNJ=  9.7%  WMT=  9.4%  BAC=  8.7%  CRM=  8.4%  ORCL=  8.3%  MRK=  7.7%  NOW=  8.6%  ABBV=  7.2%  AMD= 14.6%  IBM=  6.8%  util=0.483283  Δ=+0.000865
  ABBV+1%  NFLX= 10.6%  JNJ=  9.7%  WMT=  9.4%  BAC=  8.7%  CRM=  8.4%  ORCL=  8.3%  MRK=  7.7%  NOW=  7.5%  ABBV=  8.3%  AMD= 14.6%  IBM=  6.8%  util=0.482653  Δ=+0.000234
  AMD+1%  NFLX= 10.6%  JNJ=  9.7%  WMT=  9.4%  BAC=  8.7%  CRM=  8.4%  ORCL=  8.3%  MRK=  7.7%  NOW=  7.5%  ABBV=  7.2%  AMD= 15.7%  IBM=  6.8%  util=0.488904  Δ=+0.006485
  IBM+1%  NFLX= 10.6%  JNJ=  9.7%  WMT=  9.4%  BAC=  8.7%  CRM=  8.4%  ORCL=  8.3%  MRK=  7.7%  NOW=  7.5%  ABBV=  7.2%  AMD= 14.6%  IBM=  7.9%  util=0.480415  Δ=-0.002004
  ★ WINNER: AMD  improvement=+0.006485
────────────────────────────────────────────────────────────────────────
Epoch 8  [startUtility=0.488904  feasible=11]
  NFLX+1%  NFLX= 11.6%  JNJ=  9.6%  WMT=  9.3%  BAC=  8.6%  CRM=  8.3%  ORCL=  8.2%  MRK=  7.6%  NOW=  7.4%  ABBV=  7.1%  AMD= 15.6%  IBM=  6.7%  util=0.492230  Δ=+0.003326
  JNJ+1%  NFLX= 10.5%  JNJ= 10.7%  WMT=  9.3%  BAC=  8.6%  CRM=  8.3%  ORCL=  8.2%  MRK=  7.6%  NOW=  7.4%  ABBV=  7.1%  AMD= 15.6%  IBM=  6.7%  util=0.486114  Δ=-0.002790
  WMT+1%  NFLX= 10.5%  JNJ=  9.6%  WMT= 10.4%  BAC=  8.6%  CRM=  8.3%  ORCL=  8.2%  MRK=  7.6%  NOW=  7.4%  ABBV=  7.1%  AMD= 15.6%  IBM=  6.7%  util=0.488087  Δ=-0.000817
  BAC+1%  NFLX= 10.5%  JNJ=  9.6%  WMT=  9.3%  BAC=  9.7%  CRM=  8.3%  ORCL=  8.2%  MRK=  7.6%  NOW=  7.4%  ABBV=  7.1%  AMD= 15.6%  IBM=  6.7%  util=0.488082  Δ=-0.000822
  CRM+1%  NFLX= 10.5%  JNJ=  9.6%  WMT=  9.3%  BAC=  8.6%  CRM=  9.4%  ORCL=  8.2%  MRK=  7.6%  NOW=  7.4%  ABBV=  7.1%  AMD= 15.6%  IBM=  6.7%  util=0.487414  Δ=-0.001490
  ORCL+1%  NFLX= 10.5%  JNJ=  9.6%  WMT=  9.3%  BAC=  8.6%  CRM=  8.3%  ORCL=  9.3%  MRK=  7.6%  NOW=  7.4%  ABBV=  7.1%  AMD= 15.6%  IBM=  6.7%  util=0.488304  Δ=-0.000600
  MRK+1%  NFLX= 10.5%  JNJ=  9.6%  WMT=  9.3%  BAC=  8.6%  CRM=  8.3%  ORCL=  8.2%  MRK=  8.7%  NOW=  7.4%  ABBV=  7.1%  AMD= 15.6%  IBM=  6.7%  util=0.486473  Δ=-0.002431
  NOW+1%  NFLX= 10.5%  JNJ=  9.6%  WMT=  9.3%  BAC=  8.6%  CRM=  8.3%  ORCL=  8.2%  MRK=  7.6%  NOW=  8.5%  ABBV=  7.1%  AMD= 15.6%  IBM=  6.7%  util=0.489780  Δ=+0.000876
  ABBV+1%  NFLX= 10.5%  JNJ=  9.6%  WMT=  9.3%  BAC=  8.6%  CRM=  8.3%  ORCL=  8.2%  MRK=  7.6%  NOW=  7.4%  ABBV=  8.2%  AMD= 15.6%  IBM=  6.7%  util=0.489116  Δ=+0.000212
  AMD+1%  NFLX= 10.5%  JNJ=  9.6%  WMT=  9.3%  BAC=  8.6%  CRM=  8.3%  ORCL=  8.2%  MRK=  7.6%  NOW=  7.4%  ABBV=  7.1%  AMD= 16.7%  IBM=  6.7%  util=0.495262  Δ=+0.006358
  IBM+1%  NFLX= 10.5%  JNJ=  9.6%  WMT=  9.3%  BAC=  8.6%  CRM=  8.3%  ORCL=  8.2%  MRK=  7.6%  NOW=  7.4%  ABBV=  7.1%  AMD= 15.6%  IBM=  7.8%  util=0.486902  Δ=-0.002002
  ★ WINNER: AMD  improvement=+0.006358
────────────────────────────────────────────────────────────────────────
Epoch 9  [startUtility=0.495262  feasible=11]
  NFLX+1%  NFLX= 11.5%  JNJ=  9.5%  WMT=  9.2%  BAC=  8.5%  CRM=  8.2%  ORCL=  8.1%  MRK=  7.5%  NOW=  7.3%  ABBV=  7.0%  AMD= 16.6%  IBM=  6.6%  util=0.498608  Δ=+0.003346
  JNJ+1%  NFLX= 10.4%  JNJ= 10.6%  WMT=  9.2%  BAC=  8.5%  CRM=  8.2%  ORCL=  8.1%  MRK=  7.5%  NOW=  7.3%  ABBV=  7.0%  AMD= 16.6%  IBM=  6.6%  util=0.492470  Δ=-0.002792
  WMT+1%  NFLX= 10.4%  JNJ=  9.5%  WMT= 10.3%  BAC=  8.5%  CRM=  8.2%  ORCL=  8.1%  MRK=  7.5%  NOW=  7.3%  ABBV=  7.0%  AMD= 16.6%  IBM=  6.6%  util=0.494464  Δ=-0.000798
  BAC+1%  NFLX= 10.4%  JNJ=  9.5%  WMT=  9.2%  BAC=  9.6%  CRM=  8.2%  ORCL=  8.1%  MRK=  7.5%  NOW=  7.3%  ABBV=  7.0%  AMD= 16.6%  IBM=  6.6%  util=0.494454  Δ=-0.000808
  CRM+1%  NFLX= 10.4%  JNJ=  9.5%  WMT=  9.2%  BAC=  8.5%  CRM=  9.3%  ORCL=  8.1%  MRK=  7.5%  NOW=  7.3%  ABBV=  7.0%  AMD= 16.6%  IBM=  6.6%  util=0.493800  Δ=-0.001462
  ORCL+1%  NFLX= 10.4%  JNJ=  9.5%  WMT=  9.2%  BAC=  8.5%  CRM=  8.2%  ORCL=  9.2%  MRK=  7.5%  NOW=  7.3%  ABBV=  7.0%  AMD= 16.6%  IBM=  6.6%  util=0.494701  Δ=-0.000561
  MRK+1%  NFLX= 10.4%  JNJ=  9.5%  WMT=  9.2%  BAC=  8.5%  CRM=  8.2%  ORCL=  8.1%  MRK=  8.6%  NOW=  7.3%  ABBV=  7.0%  AMD= 16.6%  IBM=  6.6%  util=0.492826  Δ=-0.002436
  NOW+1%  NFLX= 10.4%  JNJ=  9.5%  WMT=  9.2%  BAC=  8.5%  CRM=  8.2%  ORCL=  8.1%  MRK=  7.5%  NOW=  8.4%  ABBV=  7.0%  AMD= 16.6%  IBM=  6.6%  util=0.496162  Δ=+0.000900
  ABBV+1%  NFLX= 10.4%  JNJ=  9.5%  WMT=  9.2%  BAC=  8.5%  CRM=  8.2%  ORCL=  8.1%  MRK=  7.5%  NOW=  7.3%  ABBV=  8.1%  AMD= 16.6%  IBM=  6.6%  util=0.495466  Δ=+0.000204
  AMD+1%  NFLX= 10.4%  JNJ=  9.5%  WMT=  9.2%  BAC=  8.5%  CRM=  8.2%  ORCL=  8.1%  MRK=  7.5%  NOW=  7.3%  ABBV=  7.0%  AMD= 17.7%  IBM=  6.6%  util=0.501550  Δ=+0.006288
  IBM+1%  NFLX= 10.4%  JNJ=  9.5%  WMT=  9.2%  BAC=  8.5%  CRM=  8.2%  ORCL=  8.1%  MRK=  7.5%  NOW=  7.3%  ABBV=  7.0%  AMD= 16.6%  IBM=  7.7%  util=0.493258  Δ=-0.002004
  ★ WINNER: AMD  improvement=+0.006288
────────────────────────────────────────────────────────────────────────
Epoch 10  [startUtility=0.501550  feasible=11]
  NFLX+1%  NFLX= 11.4%  JNJ=  9.4%  WMT=  9.1%  BAC=  8.4%  CRM=  8.1%  ORCL=  8.0%  MRK=  7.4%  NOW=  7.2%  ABBV=  6.9%  AMD= 17.6%  IBM=  6.5%  util=0.504907  Δ=+0.003357
  JNJ+1%  NFLX= 10.3%  JNJ= 10.5%  WMT=  9.1%  BAC=  8.4%  CRM=  8.1%  ORCL=  8.0%  MRK=  7.4%  NOW=  7.2%  ABBV=  6.9%  AMD= 17.6%  IBM=  6.5%  util=0.498746  Δ=-0.002804
  WMT+1%  NFLX= 10.3%  JNJ=  9.4%  WMT= 10.2%  BAC=  8.4%  CRM=  8.1%  ORCL=  8.0%  MRK=  7.4%  NOW=  7.2%  ABBV=  6.9%  AMD= 17.6%  IBM=  6.5%  util=0.500770  Δ=-0.000780
  BAC+1%  NFLX= 10.3%  JNJ=  9.4%  WMT=  9.1%  BAC=  9.5%  CRM=  8.1%  ORCL=  8.0%  MRK=  7.4%  NOW=  7.2%  ABBV=  6.9%  AMD= 17.6%  IBM=  6.5%  util=0.500742  Δ=-0.000808
  CRM+1%  NFLX= 10.3%  JNJ=  9.4%  WMT=  9.1%  BAC=  8.4%  CRM=  9.2%  ORCL=  8.0%  MRK=  7.4%  NOW=  7.2%  ABBV=  6.9%  AMD= 17.6%  IBM=  6.5%  util=0.500089  Δ=-0.001461
  ORCL+1%  NFLX= 10.3%  JNJ=  9.4%  WMT=  9.1%  BAC=  8.4%  CRM=  8.1%  ORCL=  9.1%  MRK=  7.4%  NOW=  7.2%  ABBV=  6.9%  AMD= 17.6%  IBM=  6.5%  util=0.500976  Δ=-0.000575
  MRK+1%  NFLX= 10.3%  JNJ=  9.4%  WMT=  9.1%  BAC=  8.4%  CRM=  8.1%  ORCL=  8.0%  MRK=  8.5%  NOW=  7.2%  ABBV=  6.9%  AMD= 17.6%  IBM=  6.5%  util=0.499103  Δ=-0.002448
  NOW+1%  NFLX= 10.3%  JNJ=  9.4%  WMT=  9.1%  BAC=  8.4%  CRM=  8.1%  ORCL=  8.0%  MRK=  7.4%  NOW=  8.3%  ABBV=  6.9%  AMD= 17.6%  IBM=  6.5%  util=0.502442  Δ=+0.000892
  ABBV+1%  NFLX= 10.3%  JNJ=  9.4%  WMT=  9.1%  BAC=  8.4%  CRM=  8.1%  ORCL=  8.0%  MRK=  7.4%  NOW=  7.2%  ABBV=  8.0%  AMD= 17.6%  IBM=  6.5%  util=0.501739  Δ=+0.000189
  AMD+1%  NFLX= 10.3%  JNJ=  9.4%  WMT=  9.1%  BAC=  8.4%  CRM=  8.1%  ORCL=  8.0%  MRK=  7.4%  NOW=  7.2%  ABBV=  6.9%  AMD= 18.7%  IBM=  6.5%  util=0.507720  Δ=+0.006169
  IBM+1%  NFLX= 10.3%  JNJ=  9.4%  WMT=  9.1%  BAC=  8.4%  CRM=  8.1%  ORCL=  8.0%  MRK=  7.4%  NOW=  7.2%  ABBV=  6.9%  AMD= 17.6%  IBM=  7.6%  util=0.499538  Δ=-0.002012
  ★ WINNER: AMD  improvement=+0.006169
────────────────────────────────────────────────────────────────────────
Epoch 11  [startUtility=0.507720  feasible=11]
  NFLX+1%  NFLX= 11.3%  JNJ=  9.3%  WMT=  9.0%  BAC=  8.3%  CRM=  8.0%  ORCL=  7.9%  MRK=  7.3%  NOW=  7.1%  ABBV=  6.8%  AMD= 18.6%  IBM=  6.4%  util=0.511124  Δ=+0.003404
  JNJ+1%  NFLX= 10.2%  JNJ= 10.4%  WMT=  9.0%  BAC=  8.3%  CRM=  8.0%  ORCL=  7.9%  MRK=  7.3%  NOW=  7.1%  ABBV=  6.8%  AMD= 18.6%  IBM=  6.4%  util=0.504920  Δ=-0.002800
  WMT+1%  NFLX= 10.2%  JNJ=  9.3%  WMT= 10.1%  BAC=  8.3%  CRM=  8.0%  ORCL=  7.9%  MRK=  7.3%  NOW=  7.1%  ABBV=  6.8%  AMD= 18.6%  IBM=  6.4%  util=0.506971  Δ=-0.000748
  BAC+1%  NFLX= 10.2%  JNJ=  9.3%  WMT=  9.0%  BAC=  9.4%  CRM=  8.0%  ORCL=  7.9%  MRK=  7.3%  NOW=  7.1%  ABBV=  6.8%  AMD= 18.6%  IBM=  6.4%  util=0.506944  Δ=-0.000775
  CRM+1%  NFLX= 10.2%  JNJ=  9.3%  WMT=  9.0%  BAC=  8.3%  CRM=  9.1%  ORCL=  7.9%  MRK=  7.3%  NOW=  7.1%  ABBV=  6.8%  AMD= 18.6%  IBM=  6.4%  util=0.506271  Δ=-0.001448
  ORCL+1%  NFLX= 10.2%  JNJ=  9.3%  WMT=  9.0%  BAC=  8.3%  CRM=  8.0%  ORCL=  9.0%  MRK=  7.3%  NOW=  7.1%  ABBV=  6.8%  AMD= 18.6%  IBM=  6.4%  util=0.507149  Δ=-0.000571
  MRK+1%  NFLX= 10.2%  JNJ=  9.3%  WMT=  9.0%  BAC=  8.3%  CRM=  8.0%  ORCL=  7.9%  MRK=  8.4%  NOW=  7.1%  ABBV=  6.8%  AMD= 18.6%  IBM=  6.4%  util=0.505270  Δ=-0.002450
  NOW+1%  NFLX= 10.2%  JNJ=  9.3%  WMT=  9.0%  BAC=  8.3%  CRM=  8.0%  ORCL=  7.9%  MRK=  7.3%  NOW=  8.2%  ABBV=  6.8%  AMD= 18.6%  IBM=  6.4%  util=0.508604  Δ=+0.000885
  ABBV+1%  NFLX= 10.2%  JNJ=  9.3%  WMT=  9.0%  BAC=  8.3%  CRM=  8.0%  ORCL=  7.9%  MRK=  7.3%  NOW=  7.1%  ABBV=  7.9%  AMD= 18.6%  IBM=  6.4%  util=0.507906  Δ=+0.000187
  AMD+1%  NFLX= 10.2%  JNJ=  9.3%  WMT=  9.0%  BAC=  8.3%  CRM=  8.0%  ORCL=  7.9%  MRK=  7.3%  NOW=  7.1%  ABBV=  6.8%  AMD= 19.7%  IBM=  6.4%  util=0.513760  Δ=+0.006040
  IBM+1%  NFLX= 10.2%  JNJ=  9.3%  WMT=  9.0%  BAC=  8.3%  CRM=  8.0%  ORCL=  7.9%  MRK=  7.3%  NOW=  7.1%  ABBV=  6.8%  AMD= 18.6%  IBM=  7.5%  util=0.505722  Δ=-0.001997
  ★ WINNER: AMD  improvement=+0.006040
────────────────────────────────────────────────────────────────────────
Epoch 12  [startUtility=0.513760  feasible=11]
  NFLX+1%  NFLX= 11.2%  JNJ=  9.2%  WMT=  8.9%  BAC=  8.2%  CRM=  7.9%  ORCL=  7.8%  MRK=  7.2%  NOW=  7.0%  ABBV=  6.7%  AMD= 19.6%  IBM=  6.3%  util=0.517236  Δ=+0.003476
  JNJ+1%  NFLX= 10.1%  JNJ= 10.3%  WMT=  8.9%  BAC=  8.2%  CRM=  7.9%  ORCL=  7.8%  MRK=  7.2%  NOW=  7.0%  ABBV=  6.7%  AMD= 19.6%  IBM=  6.3%  util=0.510954  Δ=-0.002806
  WMT+1%  NFLX= 10.1%  JNJ=  9.2%  WMT= 10.0%  BAC=  8.2%  CRM=  7.9%  ORCL=  7.8%  MRK=  7.2%  NOW=  7.0%  ABBV=  6.7%  AMD= 19.6%  IBM=  6.3%  util=0.513018  Δ=-0.000742
  BAC+1%  NFLX= 10.1%  JNJ=  9.2%  WMT=  8.9%  BAC=  9.3%  CRM=  7.9%  ORCL=  7.8%  MRK=  7.2%  NOW=  7.0%  ABBV=  6.7%  AMD= 19.6%  IBM=  6.3%  util=0.513031  Δ=-0.000729
  CRM+1%  NFLX= 10.1%  JNJ=  9.2%  WMT=  8.9%  BAC=  8.2%  CRM=  9.0%  ORCL=  7.8%  MRK=  7.2%  NOW=  7.0%  ABBV=  6.7%  AMD= 19.6%  IBM=  6.3%  util=0.512321  Δ=-0.001438
  ORCL+1%  NFLX= 10.1%  JNJ=  9.2%  WMT=  8.9%  BAC=  8.2%  CRM=  7.9%  ORCL=  8.9%  MRK=  7.2%  NOW=  7.0%  ABBV=  6.7%  AMD= 19.6%  IBM=  6.3%  util=0.513223  Δ=-0.000537
  MRK+1%  NFLX= 10.1%  JNJ=  9.2%  WMT=  8.9%  BAC=  8.2%  CRM=  7.9%  ORCL=  7.8%  MRK=  8.3%  NOW=  7.0%  ABBV=  6.7%  AMD= 19.6%  IBM=  6.3%  util=0.511309  Δ=-0.002451
  NOW+1%  NFLX= 10.1%  JNJ=  9.2%  WMT=  8.9%  BAC=  8.2%  CRM=  7.9%  ORCL=  7.8%  MRK=  7.2%  NOW=  8.1%  ABBV=  6.7%  AMD= 19.6%  IBM=  6.3%  util=0.514672  Δ=+0.000912
  ABBV+1%  NFLX= 10.1%  JNJ=  9.2%  WMT=  8.9%  BAC=  8.2%  CRM=  7.9%  ORCL=  7.8%  MRK=  7.2%  NOW=  7.0%  ABBV=  7.8%  AMD= 19.6%  IBM=  6.3%  util=0.513958  Δ=+0.000198
  AMD+1%  NFLX= 10.1%  JNJ=  9.2%  WMT=  8.9%  BAC=  8.2%  CRM=  7.9%  ORCL=  7.8%  MRK=  7.2%  NOW=  7.0%  ABBV=  6.7%  AMD= 20.7%  IBM=  6.3%  util=0.519719  Δ=+0.005959
  IBM+1%  NFLX= 10.1%  JNJ=  9.2%  WMT=  8.9%  BAC=  8.2%  CRM=  7.9%  ORCL=  7.8%  MRK=  7.2%  NOW=  7.0%  ABBV=  6.7%  AMD= 19.6%  IBM=  7.4%  util=0.511787  Δ=-0.001973
  ★ WINNER: AMD  improvement=+0.005959
────────────────────────────────────────────────────────────────────────
Epoch 13  [startUtility=0.519719  feasible=11]
  NFLX+1%  NFLX= 11.1%  JNJ=  9.1%  WMT=  8.8%  BAC=  8.1%  CRM=  7.8%  ORCL=  7.7%  MRK=  7.1%  NOW=  6.9%  ABBV=  6.6%  AMD= 20.6%  IBM=  6.2%  util=0.523240  Δ=+0.003520
  JNJ+1%  NFLX= 10.0%  JNJ= 10.2%  WMT=  8.8%  BAC=  8.1%  CRM=  7.8%  ORCL=  7.7%  MRK=  7.1%  NOW=  6.9%  ABBV=  6.6%  AMD= 20.6%  IBM=  6.2%  util=0.516905  Δ=-0.002815
  WMT+1%  NFLX= 10.0%  JNJ=  9.1%  WMT=  9.9%  BAC=  8.1%  CRM=  7.8%  ORCL=  7.7%  MRK=  7.1%  NOW=  6.9%  ABBV=  6.6%  AMD= 20.6%  IBM=  6.2%  util=0.518976  Δ=-0.000743
  BAC+1%  NFLX= 10.0%  JNJ=  9.1%  WMT=  8.8%  BAC=  9.2%  CRM=  7.8%  ORCL=  7.7%  MRK=  7.1%  NOW=  6.9%  ABBV=  6.6%  AMD= 20.6%  IBM=  6.2%  util=0.519036  Δ=-0.000683
  CRM+1%  NFLX= 10.0%  JNJ=  9.1%  WMT=  8.8%  BAC=  8.1%  CRM=  8.9%  ORCL=  7.7%  MRK=  7.1%  NOW=  6.9%  ABBV=  6.6%  AMD= 20.6%  IBM=  6.2%  util=0.518305  Δ=-0.001415
  ORCL+1%  NFLX= 10.0%  JNJ=  9.1%  WMT=  8.8%  BAC=  8.1%  CRM=  7.8%  ORCL=  8.8%  MRK=  7.1%  NOW=  6.9%  ABBV=  6.6%  AMD= 20.6%  IBM=  6.2%  util=0.519212  Δ=-0.000508
  MRK+1%  NFLX= 10.0%  JNJ=  9.1%  WMT=  8.8%  BAC=  8.1%  CRM=  7.8%  ORCL=  7.7%  MRK=  8.2%  NOW=  6.9%  ABBV=  6.6%  AMD= 20.6%  IBM=  6.2%  util=0.517266  Δ=-0.002453
  NOW+1%  NFLX= 10.0%  JNJ=  9.1%  WMT=  8.8%  BAC=  8.1%  CRM=  7.8%  ORCL=  7.7%  MRK=  7.1%  NOW=  8.0%  ABBV=  6.6%  AMD= 20.6%  IBM=  6.2%  util=0.520668  Δ=+0.000948
  ABBV+1%  NFLX= 10.0%  JNJ=  9.1%  WMT=  8.8%  BAC=  8.1%  CRM=  7.8%  ORCL=  7.7%  MRK=  7.1%  NOW=  6.9%  ABBV=  7.7%  AMD= 20.6%  IBM=  6.2%  util=0.519921  Δ=+0.000202
  AMD+1%  NFLX= 10.0%  JNJ=  9.1%  WMT=  8.8%  BAC=  8.1%  CRM=  7.8%  ORCL=  7.7%  MRK=  7.1%  NOW=  6.9%  ABBV=  6.6%  AMD= 21.7%  IBM=  6.2%  util=0.525587  Δ=+0.005868
  IBM+1%  NFLX= 10.0%  JNJ=  9.1%  WMT=  8.8%  BAC=  8.1%  CRM=  7.8%  ORCL=  7.7%  MRK=  7.1%  NOW=  6.9%  ABBV=  6.6%  AMD= 20.6%  IBM=  7.3%  util=0.517753  Δ=-0.001966
  ★ WINNER: AMD  improvement=+0.005868
────────────────────────────────────────────────────────────────────────
Epoch 14  [startUtility=0.525587  feasible=11]
  NFLX+1%  NFLX= 11.0%  JNJ=  9.0%  WMT=  8.7%  BAC=  8.0%  CRM=  7.7%  ORCL=  7.6%  MRK=  7.0%  NOW=  6.8%  ABBV=  6.5%  AMD= 21.6%  IBM=  6.1%  util=0.529115  Δ=+0.003528
  JNJ+1%  NFLX=  9.9%  JNJ= 10.1%  WMT=  8.7%  BAC=  8.0%  CRM=  7.7%  ORCL=  7.6%  MRK=  7.0%  NOW=  6.8%  ABBV=  6.5%  AMD= 21.6%  IBM=  6.1%  util=0.522747  Δ=-0.002840
  WMT+1%  NFLX=  9.9%  JNJ=  9.0%  WMT=  9.8%  BAC=  8.0%  CRM=  7.7%  ORCL=  7.6%  MRK=  7.0%  NOW=  6.8%  ABBV=  6.5%  AMD= 21.6%  IBM=  6.1%  util=0.524826  Δ=-0.000761
  BAC+1%  NFLX=  9.9%  JNJ=  9.0%  WMT=  8.7%  BAC=  9.1%  CRM=  7.7%  ORCL=  7.6%  MRK=  7.0%  NOW=  6.8%  ABBV=  6.5%  AMD= 21.6%  IBM=  6.1%  util=0.524909  Δ=-0.000678
  CRM+1%  NFLX=  9.9%  JNJ=  9.0%  WMT=  8.7%  BAC=  8.0%  CRM=  8.8%  ORCL=  7.6%  MRK=  7.0%  NOW=  6.8%  ABBV=  6.5%  AMD= 21.6%  IBM=  6.1%  util=0.524186  Δ=-0.001401
  ORCL+1%  NFLX=  9.9%  JNJ=  9.0%  WMT=  8.7%  BAC=  8.0%  CRM=  7.7%  ORCL=  8.7%  MRK=  7.0%  NOW=  6.8%  ABBV=  6.5%  AMD= 21.6%  IBM=  6.1%  util=0.525104  Δ=-0.000483
  MRK+1%  NFLX=  9.9%  JNJ=  9.0%  WMT=  8.7%  BAC=  8.0%  CRM=  7.7%  ORCL=  7.6%  MRK=  8.1%  NOW=  6.8%  ABBV=  6.5%  AMD= 21.6%  IBM=  6.1%  util=0.523099  Δ=-0.002488
  NOW+1%  NFLX=  9.9%  JNJ=  9.0%  WMT=  8.7%  BAC=  8.0%  CRM=  7.7%  ORCL=  7.6%  MRK=  7.0%  NOW=  7.9%  ABBV=  6.5%  AMD= 21.6%  IBM=  6.1%  util=0.526574  Δ=+0.000987
  ABBV+1%  NFLX=  9.9%  JNJ=  9.0%  WMT=  8.7%  BAC=  8.0%  CRM=  7.7%  ORCL=  7.6%  MRK=  7.0%  NOW=  6.8%  ABBV=  7.6%  AMD= 21.6%  IBM=  6.1%  util=0.525785  Δ=+0.000197
  AMD+1%  NFLX=  9.9%  JNJ=  9.0%  WMT=  8.7%  BAC=  8.0%  CRM=  7.7%  ORCL=  7.6%  MRK=  7.0%  NOW=  6.8%  ABBV=  6.5%  AMD= 22.7%  IBM=  6.1%  util=0.531347  Δ=+0.005760
  IBM+1%  NFLX=  9.9%  JNJ=  9.0%  WMT=  8.7%  BAC=  8.0%  CRM=  7.7%  ORCL=  7.6%  MRK=  7.0%  NOW=  6.8%  ABBV=  6.5%  AMD= 21.6%  IBM=  7.2%  util=0.523589  Δ=-0.001998
  ★ WINNER: AMD  improvement=+0.005760
────────────────────────────────────────────────────────────────────────
Epoch 15  [startUtility=0.531347  feasible=11]
  NFLX+1%  NFLX= 10.9%  JNJ=  8.9%  WMT=  8.6%  BAC=  7.9%  CRM=  7.6%  ORCL=  7.5%  MRK=  6.9%  NOW=  6.7%  ABBV=  6.4%  AMD= 22.6%  IBM=  6.0%  util=0.534879  Δ=+0.003532
  JNJ+1%  NFLX=  9.8%  JNJ= 10.0%  WMT=  8.6%  BAC=  7.9%  CRM=  7.6%  ORCL=  7.5%  MRK=  6.9%  NOW=  6.7%  ABBV=  6.4%  AMD= 22.6%  IBM=  6.0%  util=0.528513  Δ=-0.002834
  WMT+1%  NFLX=  9.8%  JNJ=  8.9%  WMT=  9.7%  BAC=  7.9%  CRM=  7.6%  ORCL=  7.5%  MRK=  6.9%  NOW=  6.7%  ABBV=  6.4%  AMD= 22.6%  IBM=  6.0%  util=0.530571  Δ=-0.000776
  BAC+1%  NFLX=  9.8%  JNJ=  8.9%  WMT=  8.6%  BAC=  9.0%  CRM=  7.6%  ORCL=  7.5%  MRK=  6.9%  NOW=  6.7%  ABBV=  6.4%  AMD= 22.6%  IBM=  6.0%  util=0.530705  Δ=-0.000642
  CRM+1%  NFLX=  9.8%  JNJ=  8.9%  WMT=  8.6%  BAC=  7.9%  CRM=  8.7%  ORCL=  7.5%  MRK=  6.9%  NOW=  6.7%  ABBV=  6.4%  AMD= 22.6%  IBM=  6.0%  util=0.529952  Δ=-0.001395
  ORCL+1%  NFLX=  9.8%  JNJ=  8.9%  WMT=  8.6%  BAC=  7.9%  CRM=  7.6%  ORCL=  8.6%  MRK=  6.9%  NOW=  6.7%  ABBV=  6.4%  AMD= 22.6%  IBM=  6.0%  util=0.530924  Δ=-0.000423
  MRK+1%  NFLX=  9.8%  JNJ=  8.9%  WMT=  8.6%  BAC=  7.9%  CRM=  7.6%  ORCL=  7.5%  MRK=  8.0%  NOW=  6.7%  ABBV=  6.4%  AMD= 22.6%  IBM=  6.0%  util=0.528839  Δ=-0.002508
  NOW+1%  NFLX=  9.8%  JNJ=  8.9%  WMT=  8.6%  BAC=  7.9%  CRM=  7.6%  ORCL=  7.5%  MRK=  6.9%  NOW=  7.8%  ABBV=  6.4%  AMD= 22.6%  IBM=  6.0%  util=0.532348  Δ=+0.001001
  ABBV+1%  NFLX=  9.8%  JNJ=  8.9%  WMT=  8.6%  BAC=  7.9%  CRM=  7.6%  ORCL=  7.5%  MRK=  6.9%  NOW=  6.7%  ABBV=  7.5%  AMD= 22.6%  IBM=  6.0%  util=0.531548  Δ=+0.000201
  AMD+1%  NFLX=  9.8%  JNJ=  8.9%  WMT=  8.6%  BAC=  7.9%  CRM=  7.6%  ORCL=  7.5%  MRK=  6.9%  NOW=  6.7%  ABBV=  6.4%  AMD= 23.7%  IBM=  6.0%  util=0.537055  Δ=+0.005708
  IBM+1%  NFLX=  9.8%  JNJ=  8.9%  WMT=  8.6%  BAC=  7.9%  CRM=  7.6%  ORCL=  7.5%  MRK=  6.9%  NOW=  6.7%  ABBV=  6.4%  AMD= 22.6%  IBM=  7.1%  util=0.529379  Δ=-0.001968
  ★ WINNER: AMD  improvement=+0.005708
────────────────────────────────────────────────────────────────────────
Epoch 16  [startUtility=0.537055  feasible=11]
  NFLX+1%  NFLX= 10.8%  JNJ=  8.8%  WMT=  8.5%  BAC=  7.8%  CRM=  7.5%  ORCL=  7.4%  MRK=  6.8%  NOW=  6.6%  ABBV=  6.3%  AMD= 23.6%  IBM=  5.9%  util=0.540601  Δ=+0.003546
  JNJ+1%  NFLX=  9.7%  JNJ=  9.9%  WMT=  8.5%  BAC=  7.8%  CRM=  7.5%  ORCL=  7.4%  MRK=  6.8%  NOW=  6.6%  ABBV=  6.3%  AMD= 23.6%  IBM=  5.9%  util=0.534219  Δ=-0.002836
  WMT+1%  NFLX=  9.7%  JNJ=  8.8%  WMT=  9.6%  BAC=  7.8%  CRM=  7.5%  ORCL=  7.4%  MRK=  6.8%  NOW=  6.6%  ABBV=  6.3%  AMD= 23.6%  IBM=  5.9%  util=0.536259  Δ=-0.000796
  BAC+1%  NFLX=  9.7%  JNJ=  8.8%  WMT=  8.5%  BAC=  8.9%  CRM=  7.5%  ORCL=  7.4%  MRK=  6.8%  NOW=  6.6%  ABBV=  6.3%  AMD= 23.6%  IBM=  5.9%  util=0.536452  Δ=-0.000603
  CRM+1%  NFLX=  9.7%  JNJ=  8.8%  WMT=  8.5%  BAC=  7.8%  CRM=  8.6%  ORCL=  7.4%  MRK=  6.8%  NOW=  6.6%  ABBV=  6.3%  AMD= 23.6%  IBM=  5.9%  util=0.535647  Δ=-0.001408
  ORCL+1%  NFLX=  9.7%  JNJ=  8.8%  WMT=  8.5%  BAC=  7.8%  CRM=  7.5%  ORCL=  8.5%  MRK=  6.8%  NOW=  6.6%  ABBV=  6.3%  AMD= 23.6%  IBM=  5.9%  util=0.536652  Δ=-0.000403
  MRK+1%  NFLX=  9.7%  JNJ=  8.8%  WMT=  8.5%  BAC=  7.8%  CRM=  7.5%  ORCL=  7.4%  MRK=  7.9%  NOW=  6.6%  ABBV=  6.3%  AMD= 23.6%  IBM=  5.9%  util=0.534535  Δ=-0.002520
  NOW+1%  NFLX=  9.7%  JNJ=  8.8%  WMT=  8.5%  BAC=  7.8%  CRM=  7.5%  ORCL=  7.4%  MRK=  6.8%  NOW=  7.7%  ABBV=  6.3%  AMD= 23.6%  IBM=  5.9%  util=0.538035  Δ=+0.000980
  ABBV+1%  NFLX=  9.7%  JNJ=  8.8%  WMT=  8.5%  BAC=  7.8%  CRM=  7.5%  ORCL=  7.4%  MRK=  6.8%  NOW=  6.6%  ABBV=  7.4%  AMD= 23.6%  IBM=  5.9%  util=0.537268  Δ=+0.000213
  AMD+1%  NFLX=  9.7%  JNJ=  8.8%  WMT=  8.5%  BAC=  7.8%  CRM=  7.5%  ORCL=  7.4%  MRK=  6.8%  NOW=  6.6%  ABBV=  6.3%  AMD= 24.7%  IBM=  5.9%  util=0.542694  Δ=+0.005639
  IBM+1%  NFLX=  9.7%  JNJ=  8.8%  WMT=  8.5%  BAC=  7.8%  CRM=  7.5%  ORCL=  7.4%  MRK=  6.8%  NOW=  6.6%  ABBV=  6.3%  AMD= 23.6%  IBM=  7.0%  util=0.535101  Δ=-0.001953
  ★ WINNER: AMD  improvement=+0.005639
────────────────────────────────────────────────────────────────────────
Epoch 17  [startUtility=0.542694  feasible=11]
  NFLX+1%  NFLX= 10.7%  JNJ=  8.7%  WMT=  8.4%  BAC=  7.7%  CRM=  7.4%  ORCL=  7.3%  MRK=  6.7%  NOW=  6.5%  ABBV=  6.2%  AMD= 24.6%  IBM=  5.8%  util=0.546277  Δ=+0.003582
  JNJ+1%  NFLX=  9.6%  JNJ=  9.8%  WMT=  8.4%  BAC=  7.7%  CRM=  7.4%  ORCL=  7.3%  MRK=  6.7%  NOW=  6.5%  ABBV=  6.2%  AMD= 24.6%  IBM=  5.8%  util=0.539858  Δ=-0.002837
  WMT+1%  NFLX=  9.6%  JNJ=  8.7%  WMT=  9.5%  BAC=  7.7%  CRM=  7.4%  ORCL=  7.3%  MRK=  6.7%  NOW=  6.5%  ABBV=  6.2%  AMD= 24.6%  IBM=  5.8%  util=0.541895  Δ=-0.000799
  BAC+1%  NFLX=  9.6%  JNJ=  8.7%  WMT=  8.4%  BAC=  8.8%  CRM=  7.4%  ORCL=  7.3%  MRK=  6.7%  NOW=  6.5%  ABBV=  6.2%  AMD= 24.6%  IBM=  5.8%  util=0.542134  Δ=-0.000560
  CRM+1%  NFLX=  9.6%  JNJ=  8.7%  WMT=  8.4%  BAC=  7.7%  CRM=  8.5%  ORCL=  7.3%  MRK=  6.7%  NOW=  6.5%  ABBV=  6.2%  AMD= 24.6%  IBM=  5.8%  util=0.541296  Δ=-0.001398
  ORCL+1%  NFLX=  9.6%  JNJ=  8.7%  WMT=  8.4%  BAC=  7.7%  CRM=  7.4%  ORCL=  8.4%  MRK=  6.7%  NOW=  6.5%  ABBV=  6.2%  AMD= 24.6%  IBM=  5.8%  util=0.542312  Δ=-0.000382
  MRK+1%  NFLX=  9.6%  JNJ=  8.7%  WMT=  8.4%  BAC=  7.7%  CRM=  7.4%  ORCL=  7.3%  MRK=  7.8%  NOW=  6.5%  ABBV=  6.2%  AMD= 24.6%  IBM=  5.8%  util=0.540162  Δ=-0.002533
  NOW+1%  NFLX=  9.6%  JNJ=  8.7%  WMT=  8.4%  BAC=  7.7%  CRM=  7.4%  ORCL=  7.3%  MRK=  6.7%  NOW=  7.6%  ABBV=  6.2%  AMD= 24.6%  IBM=  5.8%  util=0.543693  Δ=+0.000999
  ABBV+1%  NFLX=  9.6%  JNJ=  8.7%  WMT=  8.4%  BAC=  7.7%  CRM=  7.4%  ORCL=  7.3%  MRK=  6.7%  NOW=  6.5%  ABBV=  7.3%  AMD= 24.6%  IBM=  5.8%  util=0.542917  Δ=+0.000223
  AMD+1%  NFLX=  9.6%  JNJ=  8.7%  WMT=  8.4%  BAC=  7.7%  CRM=  7.4%  ORCL=  7.3%  MRK=  6.7%  NOW=  6.5%  ABBV=  6.2%  AMD= 25.7%  IBM=  5.8%  util=0.548306  Δ=+0.005612
  IBM+1%  NFLX=  9.6%  JNJ=  8.7%  WMT=  8.4%  BAC=  7.7%  CRM=  7.4%  ORCL=  7.3%  MRK=  6.7%  NOW=  6.5%  ABBV=  6.2%  AMD= 24.6%  IBM=  6.9%  util=0.540753  Δ=-0.001941
  ★ WINNER: AMD  improvement=+0.005612
────────────────────────────────────────────────────────────────────────
Epoch 18  [startUtility=0.548306  feasible=11]
  NFLX+1%  NFLX= 10.6%  JNJ=  8.6%  WMT=  8.3%  BAC=  7.6%  CRM=  7.3%  ORCL=  7.2%  MRK=  6.6%  NOW=  6.4%  ABBV=  6.1%  AMD= 25.6%  IBM=  5.7%  util=0.551908  Δ=+0.003602
  JNJ+1%  NFLX=  9.5%  JNJ=  9.7%  WMT=  8.3%  BAC=  7.6%  CRM=  7.3%  ORCL=  7.2%  MRK=  6.6%  NOW=  6.4%  ABBV=  6.1%  AMD= 25.6%  IBM=  5.7%  util=0.545439  Δ=-0.002867
  WMT+1%  NFLX=  9.5%  JNJ=  8.6%  WMT=  9.4%  BAC=  7.6%  CRM=  7.3%  ORCL=  7.2%  MRK=  6.6%  NOW=  6.4%  ABBV=  6.1%  AMD= 25.6%  IBM=  5.7%  util=0.547508  Δ=-0.000798
  BAC+1%  NFLX=  9.5%  JNJ=  8.6%  WMT=  8.3%  BAC=  8.7%  CRM=  7.3%  ORCL=  7.2%  MRK=  6.6%  NOW=  6.4%  ABBV=  6.1%  AMD= 25.6%  IBM=  5.7%  util=0.547763  Δ=-0.000543
  CRM+1%  NFLX=  9.5%  JNJ=  8.6%  WMT=  8.3%  BAC=  7.6%  CRM=  8.4%  ORCL=  7.2%  MRK=  6.6%  NOW=  6.4%  ABBV=  6.1%  AMD= 25.6%  IBM=  5.7%  util=0.546908  Δ=-0.001398
  ORCL+1%  NFLX=  9.5%  JNJ=  8.6%  WMT=  8.3%  BAC=  7.6%  CRM=  7.3%  ORCL=  8.3%  MRK=  6.6%  NOW=  6.4%  ABBV=  6.1%  AMD= 25.6%  IBM=  5.7%  util=0.547915  Δ=-0.000391
  MRK+1%  NFLX=  9.5%  JNJ=  8.6%  WMT=  8.3%  BAC=  7.6%  CRM=  7.3%  ORCL=  7.2%  MRK=  7.7%  NOW=  6.4%  ABBV=  6.1%  AMD= 25.6%  IBM=  5.7%  util=0.545734  Δ=-0.002572
  NOW+1%  NFLX=  9.5%  JNJ=  8.6%  WMT=  8.3%  BAC=  7.6%  CRM=  7.3%  ORCL=  7.2%  MRK=  6.6%  NOW=  7.5%  ABBV=  6.1%  AMD= 25.6%  IBM=  5.7%  util=0.549308  Δ=+0.001002
  ABBV+1%  NFLX=  9.5%  JNJ=  8.6%  WMT=  8.3%  BAC=  7.6%  CRM=  7.3%  ORCL=  7.2%  MRK=  6.6%  NOW=  6.4%  ABBV=  7.2%  AMD= 25.6%  IBM=  5.7%  util=0.548499  Δ=+0.000193
  AMD+1%  NFLX=  9.5%  JNJ=  8.6%  WMT=  8.3%  BAC=  7.6%  CRM=  7.3%  ORCL=  7.2%  MRK=  6.6%  NOW=  6.4%  ABBV=  6.1%  AMD= 26.7%  IBM=  5.7%  util=0.553818  Δ=+0.005512
  IBM+1%  NFLX=  9.5%  JNJ=  8.6%  WMT=  8.3%  BAC=  7.6%  CRM=  7.3%  ORCL=  7.2%  MRK=  6.6%  NOW=  6.4%  ABBV=  6.1%  AMD= 25.6%  IBM=  6.8%  util=0.546340  Δ=-0.001966
  ★ WINNER: AMD  improvement=+0.005512
────────────────────────────────────────────────────────────────────────
Epoch 19  [startUtility=0.553818  feasible=11]
  NFLX+1%  NFLX= 10.5%  JNJ=  8.5%  WMT=  8.2%  BAC=  7.5%  CRM=  7.2%  ORCL=  7.1%  MRK=  6.5%  NOW=  6.3%  ABBV=  6.0%  AMD= 26.6%  IBM=  5.6%  util=0.557448  Δ=+0.003630
  JNJ+1%  NFLX=  9.4%  JNJ=  9.6%  WMT=  8.2%  BAC=  7.5%  CRM=  7.2%  ORCL=  7.1%  MRK=  6.5%  NOW=  6.3%  ABBV=  6.0%  AMD= 26.6%  IBM=  5.6%  util=0.550955  Δ=-0.002863
  WMT+1%  NFLX=  9.4%  JNJ=  8.5%  WMT=  9.3%  BAC=  7.5%  CRM=  7.2%  ORCL=  7.1%  MRK=  6.5%  NOW=  6.3%  ABBV=  6.0%  AMD= 26.6%  IBM=  5.6%  util=0.553048  Δ=-0.000769
