=== OPTIMIZATION DEBUG: Robin ===
Time:   Thu Apr 02 09:12:52 EDT 2026
Start:  VT= 25.0%  VOO= 25.0%  VYM= 25.0%  SCHD= 25.0%
        utility = 0.148871

────────────────────────────────────────────────────────────────────────
Epoch 0  [startUtility=0.148871  feasible=4]
  VT+1%  VT= 26.0%  VOO= 24.7%  VYM= 24.7%  SCHD= 24.7%  util=0.148746  Δ=-0.000124
  VOO+1%  VT= 24.7%  VOO= 26.0%  VYM= 24.7%  SCHD= 24.7%  util=0.149305  Δ=+0.000434
  VYM+1%  VT= 24.7%  VOO= 24.7%  VYM= 26.0%  SCHD= 24.7%  util=0.148783  Δ=-0.000088
  SCHD+1%  VT= 24.7%  VOO= 24.7%  VYM= 24.7%  SCHD= 26.0%  util=0.148636  Δ=-0.000234
  ★ WINNER: VOO  improvement=+0.000434
────────────────────────────────────────────────────────────────────────
Epoch 1  [startUtility=0.149305  feasible=4]
  VT+1%  VT= 25.7%  VOO= 25.7%  VYM= 24.3%  SCHD= 24.3%  util=0.149177  Δ=-0.000128
  VOO+1%  VT= 24.3%  VOO= 27.0%  VYM= 24.3%  SCHD= 24.3%  util=0.149730  Δ=+0.000425
  VYM+1%  VT= 24.3%  VOO= 25.7%  VYM= 25.7%  SCHD= 24.3%  util=0.149224  Δ=-0.000081
  SCHD+1%  VT= 24.3%  VOO= 25.7%  VYM= 24.3%  SCHD= 25.7%  util=0.149077  Δ=-0.000228
  ★ WINNER: VOO  improvement=+0.000425
────────────────────────────────────────────────────────────────────────
Epoch 2  [startUtility=0.149730  feasible=4]
  VT+1%  VT= 25.3%  VOO= 26.7%  VYM= 24.0%  SCHD= 24.0%  util=0.149602  Δ=-0.000128
  VOO+1%  VT= 24.0%  VOO= 28.0%  VYM= 24.0%  SCHD= 24.0%  util=0.150153  Δ=+0.000423
  VYM+1%  VT= 24.0%  VOO= 26.7%  VYM= 25.3%  SCHD= 24.0%  util=0.149654  Δ=-0.000076
  SCHD+1%  VT= 24.0%  VOO= 26.7%  VYM= 24.0%  SCHD= 25.3%  util=0.149509  Δ=-0.000221
  ★ WINNER: VOO  improvement=+0.000423
────────────────────────────────────────────────────────────────────────
Epoch 3  [startUtility=0.150153  feasible=4]
  VT+1%  VT= 25.0%  VOO= 27.7%  VYM= 23.7%  SCHD= 23.7%  util=0.150022  Δ=-0.000131
  VOO+1%  VT= 23.7%  VOO= 29.0%  VYM= 23.7%  SCHD= 23.7%  util=0.150569  Δ=+0.000416
  VYM+1%  VT= 23.7%  VOO= 27.7%  VYM= 25.0%  SCHD= 23.7%  util=0.150078  Δ=-0.000074
  SCHD+1%  VT= 23.7%  VOO= 27.7%  VYM= 23.7%  SCHD= 25.0%  util=0.149933  Δ=-0.000220
  ★ WINNER: VOO  improvement=+0.000416
────────────────────────────────────────────────────────────────────────
Epoch 4  [startUtility=0.150569  feasible=4]
  VT+1%  VT= 24.7%  VOO= 28.7%  VYM= 23.3%  SCHD= 23.3%  util=0.150434  Δ=-0.000134
  VOO+1%  VT= 23.3%  VOO= 30.0%  VYM= 23.3%  SCHD= 23.3%  util=0.150975  Δ=+0.000407
  VYM+1%  VT= 23.3%  VOO= 28.7%  VYM= 24.7%  SCHD= 23.3%  util=0.150499  Δ=-0.000070
  SCHD+1%  VT= 23.3%  VOO= 28.7%  VYM= 23.3%  SCHD= 24.7%  util=0.150354  Δ=-0.000215
  ★ WINNER: VOO  improvement=+0.000407
────────────────────────────────────────────────────────────────────────
Epoch 5  [startUtility=0.150975  feasible=4]
  VT+1%  VT= 24.3%  VOO= 29.7%  VYM= 23.0%  SCHD= 23.0%  util=0.150840  Δ=-0.000135
  VOO+1%  VT= 23.0%  VOO= 31.0%  VYM= 23.0%  SCHD= 23.0%  util=0.151376  Δ=+0.000400
  VYM+1%  VT= 23.0%  VOO= 29.7%  VYM= 24.3%  SCHD= 23.0%  util=0.150911  Δ=-0.000065
  SCHD+1%  VT= 23.0%  VOO= 29.7%  VYM= 23.0%  SCHD= 24.3%  util=0.150767  Δ=-0.000209
  ★ WINNER: VOO  improvement=+0.000400
────────────────────────────────────────────────────────────────────────
Epoch 6  [startUtility=0.151376  feasible=4]
  VT+1%  VT= 24.0%  VOO= 30.7%  VYM= 22.7%  SCHD= 22.7%  util=0.151240  Δ=-0.000136
  VOO+1%  VT= 22.7%  VOO= 32.0%  VYM= 22.7%  SCHD= 22.7%  util=0.151774  Δ=+0.000398
  VYM+1%  VT= 22.7%  VOO= 30.7%  VYM= 24.0%  SCHD= 22.7%  util=0.151317  Δ=-0.000059
  SCHD+1%  VT= 22.7%  VOO= 30.7%  VYM= 22.7%  SCHD= 24.0%  util=0.151172  Δ=-0.000203
  ★ WINNER: VOO  improvement=+0.000398
────────────────────────────────────────────────────────────────────────
Epoch 7  [startUtility=0.151774  feasible=4]
  VT+1%  VT= 23.7%  VOO= 31.7%  VYM= 22.3%  SCHD= 22.3%  util=0.151639  Δ=-0.000135
  VOO+1%  VT= 22.3%  VOO= 33.0%  VYM= 22.3%  SCHD= 22.3%  util=0.152169  Δ=+0.000395
  VYM+1%  VT= 22.3%  VOO= 31.7%  VYM= 23.7%  SCHD= 22.3%  util=0.151715  Δ=-0.000059
  SCHD+1%  VT= 22.3%  VOO= 31.7%  VYM= 22.3%  SCHD= 23.7%  util=0.151571  Δ=-0.000203
  ★ WINNER: VOO  improvement=+0.000395
────────────────────────────────────────────────────────────────────────
Epoch 8  [startUtility=0.152169  feasible=4]
  VT+1%  VT= 23.3%  VOO= 32.7%  VYM= 22.0%  SCHD= 22.0%  util=0.152034  Δ=-0.000135
  VOO+1%  VT= 22.0%  VOO= 34.0%  VYM= 22.0%  SCHD= 22.0%  util=0.152564  Δ=+0.000395
  VYM+1%  VT= 22.0%  VOO= 32.7%  VYM= 23.3%  SCHD= 22.0%  util=0.152111  Δ=-0.000058
  SCHD+1%  VT= 22.0%  VOO= 32.7%  VYM= 22.0%  SCHD= 23.3%  util=0.151970  Δ=-0.000200
  ★ WINNER: VOO  improvement=+0.000395
────────────────────────────────────────────────────────────────────────
Epoch 9  [startUtility=0.152564  feasible=4]
  VT+1%  VT= 23.0%  VOO= 33.7%  VYM= 21.7%  SCHD= 21.7%  util=0.152430  Δ=-0.000134
  VOO+1%  VT= 21.7%  VOO= 35.0%  VYM= 21.7%  SCHD= 21.7%  util=0.152958  Δ=+0.000393
  VYM+1%  VT= 21.7%  VOO= 33.7%  VYM= 23.0%  SCHD= 21.7%  util=0.152504  Δ=-0.000060
  SCHD+1%  VT= 21.7%  VOO= 33.7%  VYM= 21.7%  SCHD= 23.0%  util=0.152364  Δ=-0.000200
  ★ WINNER: VOO  improvement=+0.000393
────────────────────────────────────────────────────────────────────────
Epoch 10  [startUtility=0.152958  feasible=4]
  VT+1%  VT= 22.7%  VOO= 34.7%  VYM= 21.3%  SCHD= 21.3%  util=0.152818  Δ=-0.000139
  VOO+1%  VT= 21.3%  VOO= 36.0%  VYM= 21.3%  SCHD= 21.3%  util=0.153344  Δ=+0.000386
  VYM+1%  VT= 21.3%  VOO= 34.7%  VYM= 22.7%  SCHD= 21.3%  util=0.152898  Δ=-0.000059
  SCHD+1%  VT= 21.3%  VOO= 34.7%  VYM= 21.3%  SCHD= 22.7%  util=0.152758  Δ=-0.000199
  ★ WINNER: VOO  improvement=+0.000386
────────────────────────────────────────────────────────────────────────
Epoch 11  [startUtility=0.153344  feasible=4]
  VT+1%  VT= 22.3%  VOO= 35.7%  VYM= 21.0%  SCHD= 21.0%  util=0.153202  Δ=-0.000142
  VOO+1%  VT= 21.0%  VOO= 37.0%  VYM= 21.0%  SCHD= 21.0%  util=0.153727  Δ=+0.000383
  VYM+1%  VT= 21.0%  VOO= 35.7%  VYM= 22.3%  SCHD= 21.0%  util=0.153290  Δ=-0.000054
  SCHD+1%  VT= 21.0%  VOO= 35.7%  VYM= 21.0%  SCHD= 22.3%  util=0.153150  Δ=-0.000194
  ★ WINNER: VOO  improvement=+0.000383
────────────────────────────────────────────────────────────────────────
Epoch 12  [startUtility=0.153727  feasible=4]
  VT+1%  VT= 22.0%  VOO= 36.7%  VYM= 20.7%  SCHD= 20.7%  util=0.153577  Δ=-0.000150
  VOO+1%  VT= 20.7%  VOO= 38.0%  VYM= 20.7%  SCHD= 20.7%  util=0.154099  Δ=+0.000372
  VYM+1%  VT= 20.7%  VOO= 36.7%  VYM= 22.0%  SCHD= 20.7%  util=0.153675  Δ=-0.000052
  SCHD+1%  VT= 20.7%  VOO= 36.7%  VYM= 20.7%  SCHD= 22.0%  util=0.153536  Δ=-0.000191
  ★ WINNER: VOO  improvement=+0.000372
────────────────────────────────────────────────────────────────────────
Epoch 13  [startUtility=0.154099  feasible=4]
  VT+1%  VT= 21.7%  VOO= 37.7%  VYM= 20.3%  SCHD= 20.3%  util=0.153948  Δ=-0.000151
  VOO+1%  VT= 20.3%  VOO= 39.0%  VYM= 20.3%  SCHD= 20.3%  util=0.154470  Δ=+0.000371
  VYM+1%  VT= 20.3%  VOO= 37.7%  VYM= 21.7%  SCHD= 20.3%  util=0.154055  Δ=-0.000044
  SCHD+1%  VT= 20.3%  VOO= 37.7%  VYM= 20.3%  SCHD= 21.7%  util=0.153918  Δ=-0.000180
  ★ WINNER: VOO  improvement=+0.000371
────────────────────────────────────────────────────────────────────────
Epoch 14  [startUtility=0.154470  feasible=4]
  VT+1%  VT= 21.3%  VOO= 38.7%  VYM= 20.0%  SCHD= 20.0%  util=0.154319  Δ=-0.000151
  VOO+1%  VT= 20.0%  VOO= 40.0%  VYM= 20.0%  SCHD= 20.0%  util=0.154837  Δ=+0.000367
  VYM+1%  VT= 20.0%  VOO= 38.7%  VYM= 21.3%  SCHD= 20.0%  util=0.154427  Δ=-0.000043
  SCHD+1%  VT= 20.0%  VOO= 38.7%  VYM= 20.0%  SCHD= 21.3%  util=0.154292  Δ=-0.000178
  ★ WINNER: VOO  improvement=+0.000367
────────────────────────────────────────────────────────────────────────
Epoch 15  [startUtility=0.154837  feasible=4]
  VT+1%  VT= 21.0%  VOO= 39.7%  VYM= 19.7%  SCHD= 19.7%  util=0.154689  Δ=-0.000148
  VOO+1%  VT= 19.7%  VOO= 41.0%  VYM= 19.7%  SCHD= 19.7%  util=0.155206  Δ=+0.000369
  VYM+1%  VT= 19.7%  VOO= 39.7%  VYM= 21.0%  SCHD= 19.7%  util=0.154794  Δ=-0.000044
  SCHD+1%  VT= 19.7%  VOO= 39.7%  VYM= 19.7%  SCHD= 21.0%  util=0.154663  Δ=-0.000174
  ★ WINNER: VOO  improvement=+0.000369
────────────────────────────────────────────────────────────────────────
Epoch 16  [startUtility=0.155206  feasible=4]
  VT+1%  VT= 20.7%  VOO= 40.7%  VYM= 19.3%  SCHD= 19.3%  util=0.155057  Δ=-0.000149
  VOO+1%  VT= 19.3%  VOO= 42.0%  VYM= 19.3%  SCHD= 19.3%  util=0.155575  Δ=+0.000369
  VYM+1%  VT= 19.3%  VOO= 40.7%  VYM= 20.7%  SCHD= 19.3%  util=0.155160  Δ=-0.000046
  SCHD+1%  VT= 19.3%  VOO= 40.7%  VYM= 19.3%  SCHD= 20.7%  util=0.155031  Δ=-0.000175
  ★ WINNER: VOO  improvement=+0.000369
────────────────────────────────────────────────────────────────────────
Epoch 17  [startUtility=0.155575  feasible=4]
  VT+1%  VT= 20.3%  VOO= 41.7%  VYM= 19.0%  SCHD= 19.0%  util=0.155418  Δ=-0.000157
  VOO+1%  VT= 19.0%  VOO= 43.0%  VYM= 19.0%  SCHD= 19.0%  util=0.155935  Δ=+0.000360
  VYM+1%  VT= 19.0%  VOO= 41.7%  VYM= 20.3%  SCHD= 19.0%  util=0.155528  Δ=-0.000047
  SCHD+1%  VT= 19.0%  VOO= 41.7%  VYM= 19.0%  SCHD= 20.3%  util=0.155400  Δ=-0.000175
  ★ WINNER: VOO  improvement=+0.000360
────────────────────────────────────────────────────────────────────────
Epoch 18  [startUtility=0.155935  feasible=4]
  VT+1%  VT= 20.0%  VOO= 42.7%  VYM= 18.7%  SCHD= 18.7%  util=0.155776  Δ=-0.000159
  VOO+1%  VT= 18.7%  VOO= 44.0%  VYM= 18.7%  SCHD= 18.7%  util=0.156292  Δ=+0.000357
  VYM+1%  VT= 18.7%  VOO= 42.7%  VYM= 20.0%  SCHD= 18.7%  util=0.155896  Δ=-0.000040
  SCHD+1%  VT= 18.7%  VOO= 42.7%  VYM= 18.7%  SCHD= 20.0%  util=0.155770  Δ=-0.000165
  ★ WINNER: VOO  improvement=+0.000357
────────────────────────────────────────────────────────────────────────
Epoch 19  [startUtility=0.156292  feasible=4]
  VT+1%  VT= 19.7%  VOO= 43.7%  VYM= 18.3%  SCHD= 18.3%  util=0.156133  Δ=-0.000159
  VOO+1%  VT= 18.3%  VOO= 45.0%  VYM= 18.3%  SCHD= 18.3%  util=0.156645  Δ=+0.000353
  VYM+1%  VT= 18.3%  VOO= 43.7%  VYM= 19.7%  SCHD= 18.3%  util=0.156254  Δ=-0.000038
  SCHD+1%  VT= 18.3%  VOO= 43.7%  VYM= 18.3%  SCHD= 19.7%  util=0.156129  Δ=-0.000163
  ★ WINNER: VOO  improvement=+0.000353
────────────────────────────────────────────────────────────────────────
FINAL: utility=0.156645  (gain=+0.007775  epochs=20)
