=== OPTIMIZATION DEBUG: SP-11-20 ===
Time:   Sat Apr 04 10:02:10 EDT 2026
Start:  LLY= 14.3%  JPM= 13.4%  V= 11.5%  UNH= 10.5%  XOM=  9.5%  MA=  9.1%  COST=  8.6%  HD=  8.1%  PG=  7.6%  NFLX=  7.4%
        utility = 2.023755

────────────────────────────────────────────────────────────────────────
Epoch 0  [startUtility=2.023755  feasible=10]
  LLY+1%  LLY= 15.3%  JPM= 13.2%  V= 11.3%  UNH= 10.4%  XOM=  9.4%  MA=  9.0%  COST=  8.5%  HD=  8.0%  PG=  7.5%  NFLX=  7.3%  util=0.353910  Δ=+0.008990
  JPM+1%  LLY= 14.2%  JPM= 14.4%  V= 11.3%  UNH= 10.4%  XOM=  9.4%  MA=  9.0%  COST=  8.5%  HD=  8.0%  PG=  7.5%  NFLX=  7.3%  util=0.352346  Δ=-0.008049
  V+1%  LLY= 14.2%  JPM= 13.2%  V= 12.5%  UNH= 10.4%  XOM=  9.4%  MA=  9.0%  COST=  8.5%  HD=  8.0%  PG=  7.5%  NFLX=  7.3%  util=0.351346  Δ=-0.003405
  UNH+1%  LLY= 14.2%  JPM= 13.2%  V= 11.3%  UNH= 11.5%  XOM=  9.4%  MA=  9.0%  COST=  8.5%  HD=  8.0%  PG=  7.5%  NFLX=  7.3%  util=0.351629  Δ=-0.001934
  XOM+1%  LLY= 14.2%  JPM= 13.2%  V= 11.3%  UNH= 10.4%  XOM= 10.5%  MA=  9.0%  COST=  8.5%  HD=  8.0%  PG=  7.5%  NFLX=  7.3%  util=0.350953  Δ=-0.009793
  MA+1%  LLY= 14.2%  JPM= 13.2%  V= 11.3%  UNH= 10.4%  XOM=  9.4%  MA= 10.1%  COST=  8.5%  HD=  8.0%  PG=  7.5%  NFLX=  7.3%  util=0.351886  Δ=-0.003866
  COST+1%  LLY= 14.2%  JPM= 13.2%  V= 11.3%  UNH= 10.4%  XOM=  9.4%  MA=  9.0%  COST=  9.6%  HD=  8.0%  PG=  7.5%  NFLX=  7.3%  util=0.352457  Δ=+0.006083
  HD+1%  LLY= 14.2%  JPM= 13.2%  V= 11.3%  UNH= 10.4%  XOM=  9.4%  MA=  9.0%  COST=  8.5%  HD=  9.1%  PG=  7.5%  NFLX=  7.3%  util=0.351255  Δ=-0.010584
  PG+1%  LLY= 14.2%  JPM= 13.2%  V= 11.3%  UNH= 10.4%  XOM=  9.4%  MA=  9.0%  COST=  8.5%  HD=  8.0%  PG=  8.6%  NFLX=  7.3%  util=0.350539  Δ=+0.001541
  NFLX+1%  LLY= 14.2%  JPM= 13.2%  V= 11.3%  UNH= 10.4%  XOM=  9.4%  MA=  9.0%  COST=  8.5%  HD=  8.0%  PG=  7.5%  NFLX=  8.4%  util=0.356303  Δ=+0.015935
  ★ WINNER: NFLX  improvement=+0.015935
────────────────────────────────────────────────────────────────────────
Epoch 1  [startUtility=2.039689  feasible=10]
  LLY+1%  LLY= 15.2%  JPM= 13.1%  V= 11.2%  UNH= 10.3%  XOM=  9.3%  MA=  8.8%  COST=  8.4%  HD=  7.9%  PG=  7.4%  NFLX=  8.3%  util=0.357973  Δ=+0.009714
  JPM+1%  LLY= 14.1%  JPM= 14.2%  V= 11.2%  UNH= 10.3%  XOM=  9.3%  MA=  8.8%  COST=  8.4%  HD=  7.9%  PG=  7.4%  NFLX=  8.3%  util=0.356385  Δ=-0.008008
  V+1%  LLY= 14.1%  JPM= 13.1%  V= 12.3%  UNH= 10.3%  XOM=  9.3%  MA=  8.8%  COST=  8.4%  HD=  7.9%  PG=  7.4%  NFLX=  8.3%  util=0.355373  Δ=-0.003281
  UNH+1%  LLY= 14.1%  JPM= 13.1%  V= 11.2%  UNH= 11.4%  XOM=  9.3%  MA=  8.8%  COST=  8.4%  HD=  7.9%  PG=  7.4%  NFLX=  8.3%  util=0.355670  Δ=-0.001281
  XOM+1%  LLY= 14.1%  JPM= 13.1%  V= 11.2%  UNH= 10.3%  XOM= 10.4%  MA=  8.8%  COST=  8.4%  HD=  7.9%  PG=  7.4%  NFLX=  8.3%  util=0.355032  Δ=-0.008809
  MA+1%  LLY= 14.1%  JPM= 13.1%  V= 11.2%  UNH= 10.3%  XOM=  9.3%  MA= 10.0%  COST=  8.4%  HD=  7.9%  PG=  7.4%  NFLX=  8.3%  util=0.355912  Δ=-0.003872
  COST+1%  LLY= 14.1%  JPM= 13.1%  V= 11.2%  UNH= 10.3%  XOM=  9.3%  MA=  8.8%  COST=  9.5%  HD=  7.9%  PG=  7.4%  NFLX=  8.3%  util=0.356476  Δ=+0.006263
  HD+1%  LLY= 14.1%  JPM= 13.1%  V= 11.2%  UNH= 10.3%  XOM=  9.3%  MA=  8.8%  COST=  8.4%  HD=  9.0%  PG=  7.4%  NFLX=  8.3%  util=0.355285  Δ=-0.010395
  PG+1%  LLY= 14.1%  JPM= 13.1%  V= 11.2%  UNH= 10.3%  XOM=  9.3%  MA=  8.8%  COST=  8.4%  HD=  7.9%  PG=  8.5%  NFLX=  8.3%  util=0.354573  Δ=+0.002158
  NFLX+1%  LLY= 14.1%  JPM= 13.1%  V= 11.2%  UNH= 10.3%  XOM=  9.3%  MA=  8.8%  COST=  8.4%  HD=  7.9%  PG=  7.4%  NFLX=  9.4%  util=0.360292  Δ=+0.012529
  ★ WINNER: NFLX  improvement=+0.012529
────────────────────────────────────────────────────────────────────────
Epoch 2  [startUtility=2.052218  feasible=10]
  LLY+1%  LLY= 15.1%  JPM= 13.0%  V= 11.1%  UNH= 10.2%  XOM=  9.2%  MA=  8.7%  COST=  8.3%  HD=  7.8%  PG=  7.3%  NFLX=  9.3%  util=0.362010  Δ=+0.010418
  JPM+1%  LLY= 14.0%  JPM= 14.1%  V= 11.1%  UNH= 10.2%  XOM=  9.2%  MA=  8.7%  COST=  8.3%  HD=  7.8%  PG=  7.3%  NFLX=  9.3%  util=0.360367  Δ=-0.007941
  V+1%  LLY= 14.0%  JPM= 13.0%  V= 12.2%  UNH= 10.2%  XOM=  9.2%  MA=  8.7%  COST=  8.3%  HD=  7.8%  PG=  7.3%  NFLX=  9.3%  util=0.359356  Δ=-0.003173
  UNH+1%  LLY= 14.0%  JPM= 13.0%  V= 11.1%  UNH= 11.3%  XOM=  9.2%  MA=  8.7%  COST=  8.3%  HD=  7.8%  PG=  7.3%  NFLX=  9.3%  util=0.359633  Δ=-0.000663
  XOM+1%  LLY= 14.0%  JPM= 13.0%  V= 11.1%  UNH= 10.2%  XOM= 10.3%  MA=  8.7%  COST=  8.3%  HD=  7.8%  PG=  7.3%  NFLX=  9.3%  util=0.359023  Δ=-0.007833
  MA+1%  LLY= 14.0%  JPM= 13.0%  V= 11.1%  UNH= 10.2%  XOM=  9.2%  MA=  9.8%  COST=  8.3%  HD=  7.8%  PG=  7.3%  NFLX=  9.3%  util=0.359895  Δ=-0.003871
  COST+1%  LLY= 14.0%  JPM= 13.0%  V= 11.1%  UNH= 10.2%  XOM=  9.2%  MA=  8.7%  COST=  9.4%  HD=  7.8%  PG=  7.3%  NFLX=  9.3%  util=0.360478  Δ=+0.006401
  HD+1%  LLY= 14.0%  JPM= 13.0%  V= 11.1%  UNH= 10.2%  XOM=  9.2%  MA=  8.7%  COST=  8.3%  HD=  8.9%  PG=  7.3%  NFLX=  9.3%  util=0.359282  Δ=-0.010200
  PG+1%  LLY= 14.0%  JPM= 13.0%  V= 11.1%  UNH= 10.2%  XOM=  9.2%  MA=  8.7%  COST=  8.3%  HD=  7.8%  PG=  8.4%  NFLX=  9.3%  util=0.358555  Δ=+0.002700
  NFLX+1%  LLY= 14.0%  JPM= 13.0%  V= 11.1%  UNH= 10.2%  XOM=  9.2%  MA=  8.7%  COST=  8.3%  HD=  7.8%  PG=  7.3%  NFLX= 10.4%  util=0.364247  Δ=+0.009302
  ★ WINNER: LLY  improvement=+0.010418
────────────────────────────────────────────────────────────────────────
Epoch 3  [startUtility=2.062636  feasible=10]
  LLY+1%  LLY= 16.1%  JPM= 12.9%  V= 11.0%  UNH= 10.1%  XOM=  9.1%  MA=  8.6%  COST=  8.1%  HD=  7.7%  PG=  7.2%  NFLX=  9.2%  util=0.363685  Δ=+0.008521
  JPM+1%  LLY= 15.0%  JPM= 14.0%  V= 11.0%  UNH= 10.1%  XOM=  9.1%  MA=  8.6%  COST=  8.1%  HD=  7.7%  PG=  7.2%  NFLX=  9.2%  util=0.362061  Δ=-0.007574
  V+1%  LLY= 15.0%  JPM= 12.9%  V= 12.1%  UNH= 10.1%  XOM=  9.1%  MA=  8.6%  COST=  8.1%  HD=  7.7%  PG=  7.2%  NFLX=  9.2%  util=0.361077  Δ=-0.002958
  UNH+1%  LLY= 15.0%  JPM= 12.9%  V= 11.0%  UNH= 11.2%  XOM=  9.1%  MA=  8.6%  COST=  8.1%  HD=  7.7%  PG=  7.2%  NFLX=  9.2%  util=0.361393  Δ=-0.000692
  XOM+1%  LLY= 15.0%  JPM= 12.9%  V= 11.0%  UNH= 10.1%  XOM= 10.2%  MA=  8.6%  COST=  8.1%  HD=  7.7%  PG=  7.2%  NFLX=  9.2%  util=0.360706  Δ=-0.008043
  MA+1%  LLY= 15.0%  JPM= 12.9%  V= 11.0%  UNH= 10.1%  XOM=  9.1%  MA=  9.7%  COST=  8.1%  HD=  7.7%  PG=  7.2%  NFLX=  9.2%  util=0.361616  Δ=-0.003524
  COST+1%  LLY= 15.0%  JPM= 12.9%  V= 11.0%  UNH= 10.1%  XOM=  9.1%  MA=  8.6%  COST=  9.3%  HD=  7.7%  PG=  7.2%  NFLX=  9.2%  util=0.362198  Δ=+0.006510
  HD+1%  LLY= 15.0%  JPM= 12.9%  V= 11.0%  UNH= 10.1%  XOM=  9.1%  MA=  8.6%  COST=  8.1%  HD=  8.8%  PG=  7.2%  NFLX=  9.2%  util=0.361012  Δ=-0.009792
  PG+1%  LLY= 15.0%  JPM= 12.9%  V= 11.0%  UNH= 10.1%  XOM=  9.1%  MA=  8.6%  COST=  8.1%  HD=  7.7%  PG=  8.3%  NFLX=  9.2%  util=0.360293  Δ=+0.002714
  NFLX+1%  LLY= 15.0%  JPM= 12.9%  V= 11.0%  UNH= 10.1%  XOM=  9.1%  MA=  8.6%  COST=  8.1%  HD=  7.7%  PG=  7.2%  NFLX= 10.3%  util=0.365982  Δ=+0.009980
  ★ WINNER: NFLX  improvement=+0.009980
────────────────────────────────────────────────────────────────────────
Epoch 4  [startUtility=2.072616  feasible=10]
  LLY+1%  LLY= 16.0%  JPM= 12.8%  V= 10.9%  UNH=  9.9%  XOM=  9.0%  MA=  8.5%  COST=  8.0%  HD=  7.6%  PG=  7.1%  NFLX= 10.2%  util=0.367672  Δ=+0.009214
  JPM+1%  LLY= 14.9%  JPM= 13.9%  V= 10.9%  UNH=  9.9%  XOM=  9.0%  MA=  8.5%  COST=  8.0%  HD=  7.6%  PG=  7.1%  NFLX= 10.2%  util=0.366021  Δ=-0.007497
  V+1%  LLY= 14.9%  JPM= 12.8%  V= 12.0%  UNH=  9.9%  XOM=  9.0%  MA=  8.5%  COST=  8.0%  HD=  7.6%  PG=  7.1%  NFLX= 10.2%  util=0.365044  Δ=-0.002865
  UNH+1%  LLY= 14.9%  JPM= 12.8%  V= 10.9%  UNH= 11.1%  XOM=  9.0%  MA=  8.5%  COST=  8.0%  HD=  7.6%  PG=  7.1%  NFLX= 10.2%  util=0.365338  Δ=-0.000106
  XOM+1%  LLY= 14.9%  JPM= 12.8%  V= 10.9%  UNH=  9.9%  XOM= 10.1%  MA=  8.5%  COST=  8.0%  HD=  7.6%  PG=  7.1%  NFLX= 10.2%  util=0.364699  Δ=-0.007086
  MA+1%  LLY= 14.9%  JPM= 12.8%  V= 10.9%  UNH=  9.9%  XOM=  9.0%  MA=  9.6%  COST=  8.0%  HD=  7.6%  PG=  7.1%  NFLX= 10.2%  util=0.365586  Δ=-0.003521
  COST+1%  LLY= 14.9%  JPM= 12.8%  V= 10.9%  UNH=  9.9%  XOM=  9.0%  MA=  8.5%  COST=  9.1%  HD=  7.6%  PG=  7.1%  NFLX= 10.2%  util=0.366166  Δ=+0.006620
  HD+1%  LLY= 14.9%  JPM= 12.8%  V= 10.9%  UNH=  9.9%  XOM=  9.0%  MA=  8.5%  COST=  8.0%  HD=  8.7%  PG=  7.1%  NFLX= 10.2%  util=0.364988  Δ=-0.009597
  PG+1%  LLY= 14.9%  JPM= 12.8%  V= 10.9%  UNH=  9.9%  XOM=  9.0%  MA=  8.5%  COST=  8.0%  HD=  7.6%  PG=  8.2%  NFLX= 10.2%  util=0.364235  Δ=+0.003199
  NFLX+1%  LLY= 14.9%  JPM= 12.8%  V= 10.9%  UNH=  9.9%  XOM=  9.0%  MA=  8.5%  COST=  8.0%  HD=  7.6%  PG=  7.1%  NFLX= 11.3%  util=0.369860  Δ=+0.006917
  ★ WINNER: LLY  improvement=+0.009214
────────────────────────────────────────────────────────────────────────
Epoch 5  [startUtility=2.081830  feasible=10]
  LLY+1%  LLY= 17.0%  JPM= 12.7%  V= 10.8%  UNH=  9.8%  XOM=  8.9%  MA=  8.4%  COST=  7.9%  HD=  7.4%  PG=  7.0%  NFLX= 10.1%  util=0.369336  Δ=+0.007374
  JPM+1%  LLY= 15.9%  JPM= 13.8%  V= 10.8%  UNH=  9.8%  XOM=  8.9%  MA=  8.4%  COST=  7.9%  HD=  7.4%  PG=  7.0%  NFLX= 10.1%  util=0.367729  Δ=-0.007126
  V+1%  LLY= 15.9%  JPM= 12.7%  V= 11.9%  UNH=  9.8%  XOM=  8.9%  MA=  8.4%  COST=  7.9%  HD=  7.4%  PG=  7.0%  NFLX= 10.1%  util=0.366755  Δ=-0.002659
  UNH+1%  LLY= 15.9%  JPM= 12.7%  V= 10.8%  UNH= 10.9%  XOM=  8.9%  MA=  8.4%  COST=  7.9%  HD=  7.4%  PG=  7.0%  NFLX= 10.1%  util=0.367071  Δ=-0.000140
  XOM+1%  LLY= 15.9%  JPM= 12.7%  V= 10.8%  UNH=  9.8%  XOM= 10.0%  MA=  8.4%  COST=  7.9%  HD=  7.4%  PG=  7.0%  NFLX= 10.1%  util=0.366368  Δ=-0.007291
  MA+1%  LLY= 15.9%  JPM= 12.7%  V= 10.8%  UNH=  9.8%  XOM=  8.9%  MA=  9.5%  COST=  7.9%  HD=  7.4%  PG=  7.0%  NFLX= 10.1%  util=0.367287  Δ=-0.003180
  COST+1%  LLY= 15.9%  JPM= 12.7%  V= 10.8%  UNH=  9.8%  XOM=  8.9%  MA=  8.4%  COST=  9.0%  HD=  7.4%  PG=  7.0%  NFLX= 10.1%  util=0.367880  Δ=+0.006718
  HD+1%  LLY= 15.9%  JPM= 12.7%  V= 10.8%  UNH=  9.8%  XOM=  8.9%  MA=  8.4%  COST=  7.9%  HD=  8.6%  PG=  7.0%  NFLX= 10.1%  util=0.366705  Δ=-0.009189
  PG+1%  LLY= 15.9%  JPM= 12.7%  V= 10.8%  UNH=  9.8%  XOM=  8.9%  MA=  8.4%  COST=  7.9%  HD=  7.4%  PG=  8.1%  NFLX= 10.1%  util=0.365942  Δ=+0.003195
  NFLX+1%  LLY= 15.9%  JPM= 12.7%  V= 10.8%  UNH=  9.8%  XOM=  8.9%  MA=  8.4%  COST=  7.9%  HD=  7.4%  PG=  7.0%  NFLX= 11.2%  util=0.371589  Δ=+0.007585
  ★ WINNER: NFLX  improvement=+0.007585
────────────────────────────────────────────────────────────────────────
Epoch 6  [startUtility=2.089414  feasible=10]
  LLY+1%  LLY= 16.9%  JPM= 12.6%  V= 10.7%  UNH=  9.7%  XOM=  8.8%  MA=  8.3%  COST=  7.8%  HD=  7.3%  PG=  6.9%  NFLX= 11.1%  util=0.373277  Δ=+0.008058
  JPM+1%  LLY= 15.8%  JPM= 13.7%  V= 10.7%  UNH=  9.7%  XOM=  8.8%  MA=  8.3%  COST=  7.8%  HD=  7.3%  PG=  6.9%  NFLX= 11.1%  util=0.371660  Δ=-0.007043
  V+1%  LLY= 15.8%  JPM= 12.6%  V= 11.8%  UNH=  9.7%  XOM=  8.8%  MA=  8.3%  COST=  7.8%  HD=  7.3%  PG=  6.9%  NFLX= 11.1%  util=0.370670  Δ=-0.002582
  UNH+1%  LLY= 15.8%  JPM= 12.6%  V= 10.7%  UNH= 10.8%  XOM=  8.8%  MA=  8.3%  COST=  7.8%  HD=  7.3%  PG=  6.9%  NFLX= 11.1%  util=0.370953  Δ=+0.000412
  XOM+1%  LLY= 15.8%  JPM= 12.6%  V= 10.7%  UNH=  9.7%  XOM=  9.9%  MA=  8.3%  COST=  7.8%  HD=  7.3%  PG=  6.9%  NFLX= 11.1%  util=0.370333  Δ=-0.006359
  MA+1%  LLY= 15.8%  JPM= 12.6%  V= 10.7%  UNH=  9.7%  XOM=  8.8%  MA=  9.4%  COST=  7.8%  HD=  7.3%  PG=  6.9%  NFLX= 11.1%  util=0.371197  Δ=-0.003178
  COST+1%  LLY= 15.8%  JPM= 12.6%  V= 10.7%  UNH=  9.7%  XOM=  8.8%  MA=  8.3%  COST=  8.9%  HD=  7.3%  PG=  6.9%  NFLX= 11.1%  util=0.371788  Δ=+0.006800
  HD+1%  LLY= 15.8%  JPM= 12.6%  V= 10.7%  UNH=  9.7%  XOM=  8.8%  MA=  8.3%  COST=  7.8%  HD=  8.4%  PG=  6.9%  NFLX= 11.1%  util=0.370627  Δ=-0.008997
  PG+1%  LLY= 15.8%  JPM= 12.6%  V= 10.7%  UNH=  9.7%  XOM=  8.8%  MA=  8.3%  COST=  7.8%  HD=  7.3%  PG=  8.0%  NFLX= 11.1%  util=0.369849  Δ=+0.003624
  NFLX+1%  LLY= 15.8%  JPM= 12.6%  V= 10.7%  UNH=  9.7%  XOM=  8.8%  MA=  8.3%  COST=  7.8%  HD=  7.3%  PG=  6.9%  NFLX= 12.2%  util=0.375401  Δ=+0.004695
  ★ WINNER: LLY  improvement=+0.008058
────────────────────────────────────────────────────────────────────────
Epoch 7  [startUtility=2.097472  feasible=10]
  LLY+1%  LLY= 17.9%  JPM= 12.5%  V= 10.6%  UNH=  9.6%  XOM=  8.7%  MA=  8.2%  COST=  7.7%  HD=  7.2%  PG=  6.7%  NFLX= 11.0%  util=0.374912  Δ=+0.006282
  JPM+1%  LLY= 16.8%  JPM= 13.6%  V= 10.6%  UNH=  9.6%  XOM=  8.7%  MA=  8.2%  COST=  7.7%  HD=  7.2%  PG=  6.7%  NFLX= 11.0%  util=0.373337  Δ=-0.006672
  V+1%  LLY= 16.8%  JPM= 12.5%  V= 11.7%  UNH=  9.6%  XOM=  8.7%  MA=  8.2%  COST=  7.7%  HD=  7.2%  PG=  6.7%  NFLX= 11.0%  util=0.372365  Δ=-0.002385
  UNH+1%  LLY= 16.8%  JPM= 12.5%  V= 10.6%  UNH= 10.7%  XOM=  8.7%  MA=  8.2%  COST=  7.7%  HD=  7.2%  PG=  6.7%  NFLX= 11.0%  util=0.372654  Δ=+0.000373
  XOM+1%  LLY= 16.8%  JPM= 12.5%  V= 10.6%  UNH=  9.6%  XOM=  9.8%  MA=  8.2%  COST=  7.7%  HD=  7.2%  PG=  6.7%  NFLX= 11.0%  util=0.371976  Δ=-0.006561
  MA+1%  LLY= 16.8%  JPM= 12.5%  V= 10.6%  UNH=  9.6%  XOM=  8.7%  MA=  9.3%  COST=  7.7%  HD=  7.2%  PG=  6.7%  NFLX= 11.0%  util=0.372894  Δ=-0.002846
  COST+1%  LLY= 16.8%  JPM= 12.5%  V= 10.6%  UNH=  9.6%  XOM=  8.7%  MA=  8.2%  COST=  8.8%  HD=  7.2%  PG=  6.7%  NFLX= 11.0%  util=0.373477  Δ=+0.006888
  HD+1%  LLY= 16.8%  JPM= 12.5%  V= 10.6%  UNH=  9.6%  XOM=  8.7%  MA=  8.2%  COST=  7.7%  HD=  8.3%  PG=  6.7%  NFLX= 11.0%  util=0.372322  Δ=-0.008592
  PG+1%  LLY= 16.8%  JPM= 12.5%  V= 10.6%  UNH=  9.6%  XOM=  8.7%  MA=  8.2%  COST=  7.7%  HD=  7.2%  PG=  7.9%  NFLX= 11.0%  util=0.371530  Δ=+0.003604
  NFLX+1%  LLY= 16.8%  JPM= 12.5%  V= 10.6%  UNH=  9.6%  XOM=  8.7%  MA=  8.2%  COST=  7.7%  HD=  7.2%  PG=  6.7%  NFLX= 12.1%  util=0.377149  Δ=+0.005355
  ★ WINNER: COST  improvement=+0.006888
────────────────────────────────────────────────────────────────────────
Epoch 8  [startUtility=2.104360  feasible=10]
  LLY+1%  LLY= 17.8%  JPM= 12.4%  V= 10.5%  UNH=  9.5%  XOM=  8.5%  MA=  8.1%  COST=  8.7%  HD=  7.1%  PG=  6.6%  NFLX= 10.9%  util=0.375116  Δ=+0.006350
  JPM+1%  LLY= 16.6%  JPM= 13.5%  V= 10.5%  UNH=  9.5%  XOM=  8.5%  MA=  8.1%  COST=  8.7%  HD=  7.1%  PG=  6.6%  NFLX= 10.9%  util=0.373544  Δ=-0.006633
  V+1%  LLY= 16.6%  JPM= 12.4%  V= 11.6%  UNH=  9.5%  XOM=  8.5%  MA=  8.1%  COST=  8.7%  HD=  7.1%  PG=  6.6%  NFLX= 10.9%  util=0.372561  Δ=-0.002351
  UNH+1%  LLY= 16.6%  JPM= 12.4%  V= 10.5%  UNH= 10.6%  XOM=  8.5%  MA=  8.1%  COST=  8.7%  HD=  7.1%  PG=  6.6%  NFLX= 10.9%  util=0.372879  Δ=+0.000427
  XOM+1%  LLY= 16.6%  JPM= 12.4%  V= 10.5%  UNH=  9.5%  XOM=  9.7%  MA=  8.1%  COST=  8.7%  HD=  7.1%  PG=  6.6%  NFLX= 10.9%  util=0.372180  Δ=-0.006302
  MA+1%  LLY= 16.6%  JPM= 12.4%  V= 10.5%  UNH=  9.5%  XOM=  8.5%  MA=  9.2%  COST=  8.7%  HD=  7.1%  PG=  6.6%  NFLX= 10.9%  util=0.373095  Δ=-0.002768
  COST+1%  LLY= 16.6%  JPM= 12.4%  V= 10.5%  UNH=  9.5%  XOM=  8.5%  MA=  8.1%  COST=  9.8%  HD=  7.1%  PG=  6.6%  NFLX= 10.9%  util=0.373661  Δ=+0.006427
  HD+1%  LLY= 16.6%  JPM= 12.4%  V= 10.5%  UNH=  9.5%  XOM=  8.5%  MA=  8.1%  COST=  8.7%  HD=  8.2%  PG=  6.6%  NFLX= 10.9%  util=0.372523  Δ=-0.008755
  PG+1%  LLY= 16.6%  JPM= 12.4%  V= 10.5%  UNH=  9.5%  XOM=  8.5%  MA=  8.1%  COST=  8.7%  HD=  7.1%  PG=  7.7%  NFLX= 10.9%  util=0.371729  Δ=+0.003585
  NFLX+1%  LLY= 16.6%  JPM= 12.4%  V= 10.5%  UNH=  9.5%  XOM=  8.5%  MA=  8.1%  COST=  8.7%  HD=  7.1%  PG=  6.6%  NFLX= 12.0%  util=0.377368  Δ=+0.005410
  ★ WINNER: COST  improvement=+0.006427
────────────────────────────────────────────────────────────────────────
Epoch 9  [startUtility=2.110787  feasible=10]
  LLY+1%  LLY= 17.6%  JPM= 12.2%  V= 10.3%  UNH=  9.4%  XOM=  8.4%  MA=  8.0%  COST=  9.7%  HD=  7.0%  PG=  6.5%  NFLX= 10.8%  util=0.375300  Δ=+0.006422
  JPM+1%  LLY= 16.5%  JPM= 13.4%  V= 10.3%  UNH=  9.4%  XOM=  8.4%  MA=  8.0%  COST=  9.7%  HD=  7.0%  PG=  6.5%  NFLX= 10.8%  util=0.373733  Δ=-0.006589
  V+1%  LLY= 16.5%  JPM= 12.2%  V= 11.5%  UNH=  9.4%  XOM=  8.4%  MA=  8.0%  COST=  9.7%  HD=  7.0%  PG=  6.5%  NFLX= 10.8%  util=0.372738  Δ=-0.002318
  UNH+1%  LLY= 16.5%  JPM= 12.2%  V= 10.3%  UNH= 10.5%  XOM=  8.4%  MA=  8.0%  COST=  9.7%  HD=  7.0%  PG=  6.5%  NFLX= 10.8%  util=0.373069  Δ=+0.000479
  XOM+1%  LLY= 16.5%  JPM= 12.2%  V= 10.3%  UNH=  9.4%  XOM=  9.5%  MA=  8.0%  COST=  9.7%  HD=  7.0%  PG=  6.5%  NFLX= 10.8%  util=0.372366  Δ=-0.006037
  MA+1%  LLY= 16.5%  JPM= 12.2%  V= 10.3%  UNH=  9.4%  XOM=  8.4%  MA=  9.1%  COST=  9.7%  HD=  7.0%  PG=  6.5%  NFLX= 10.8%  util=0.373277  Δ=-0.002690
  COST+1%  LLY= 16.5%  JPM= 12.2%  V= 10.3%  UNH=  9.4%  XOM=  8.4%  MA=  8.0%  COST= 10.8%  HD=  7.0%  PG=  6.5%  NFLX= 10.8%  util=0.373819  Δ=+0.005955
  HD+1%  LLY= 16.5%  JPM= 12.2%  V= 10.3%  UNH=  9.4%  XOM=  8.4%  MA=  8.0%  COST=  9.7%  HD=  8.1%  PG=  6.5%  NFLX= 10.8%  util=0.372695  Δ=-0.008917
  PG+1%  LLY= 16.5%  JPM= 12.2%  V= 10.3%  UNH=  9.4%  XOM=  8.4%  MA=  8.0%  COST=  9.7%  HD=  7.0%  PG=  7.6%  NFLX= 10.8%  util=0.371898  Δ=+0.003558
  NFLX+1%  LLY= 16.5%  JPM= 12.2%  V= 10.3%  UNH=  9.4%  XOM=  8.4%  MA=  8.0%  COST=  9.7%  HD=  7.0%  PG=  6.5%  NFLX= 11.9%  util=0.377569  Δ=+0.005474
  ★ WINNER: LLY  improvement=+0.006422
────────────────────────────────────────────────────────────────────────
Epoch 10  [startUtility=2.117209  feasible=10]
  LLY+1%  LLY= 18.6%  JPM= 12.1%  V= 10.2%  UNH=  9.3%  XOM=  8.3%  MA=  7.8%  COST=  9.6%  HD=  6.9%  PG=  6.4%  NFLX= 10.7%  util=0.376933  Δ=+0.004662
  JPM+1%  LLY= 17.5%  JPM= 13.2%  V= 10.2%  UNH=  9.3%  XOM=  8.3%  MA=  7.8%  COST=  9.6%  HD=  6.9%  PG=  6.4%  NFLX= 10.7%  util=0.375386  Δ=-0.006204
  V+1%  LLY= 17.5%  JPM= 12.1%  V= 11.3%  UNH=  9.3%  XOM=  8.3%  MA=  7.8%  COST=  9.6%  HD=  6.9%  PG=  6.4%  NFLX= 10.7%  util=0.374389  Δ=-0.002128
  UNH+1%  LLY= 17.5%  JPM= 12.1%  V= 10.2%  UNH= 10.4%  XOM=  8.3%  MA=  7.8%  COST=  9.6%  HD=  6.9%  PG=  6.4%  NFLX= 10.7%  util=0.374755  Δ=+0.000429
  XOM+1%  LLY= 17.5%  JPM= 12.1%  V= 10.2%  UNH=  9.3%  XOM=  9.4%  MA=  7.8%  COST=  9.6%  HD=  6.9%  PG=  6.4%  NFLX= 10.7%  util=0.373989  Δ=-0.006242
  MA+1%  LLY= 17.5%  JPM= 12.1%  V= 10.2%  UNH=  9.3%  XOM=  8.3%  MA=  9.0%  COST=  9.6%  HD=  6.9%  PG=  6.4%  NFLX= 10.7%  util=0.374929  Δ=-0.002357
  COST+1%  LLY= 17.5%  JPM= 12.1%  V= 10.2%  UNH=  9.3%  XOM=  8.3%  MA=  7.8%  COST= 10.7%  HD=  6.9%  PG=  6.4%  NFLX= 10.7%  util=0.375471  Δ=+0.006031
  HD+1%  LLY= 17.5%  JPM= 12.1%  V= 10.2%  UNH=  9.3%  XOM=  8.3%  MA=  7.8%  COST=  9.6%  HD=  8.0%  PG=  6.4%  NFLX= 10.7%  util=0.374369  Δ=-0.008506
  PG+1%  LLY= 17.5%  JPM= 12.1%  V= 10.2%  UNH=  9.3%  XOM=  8.3%  MA=  7.8%  COST=  9.6%  HD=  6.9%  PG=  7.5%  NFLX= 10.7%  util=0.373558  Δ=+0.003507
  NFLX+1%  LLY= 17.5%  JPM= 12.1%  V= 10.2%  UNH=  9.3%  XOM=  8.3%  MA=  7.8%  COST=  9.6%  HD=  6.9%  PG=  6.4%  NFLX= 11.8%  util=0.379223  Δ=+0.006170
  ★ WINNER: NFLX  improvement=+0.006170
────────────────────────────────────────────────────────────────────────
Epoch 11  [startUtility=2.123379  feasible=10]
  LLY+1%  LLY= 18.5%  JPM= 12.0%  V= 10.1%  UNH=  9.2%  XOM=  8.2%  MA=  7.7%  COST=  9.5%  HD=  6.8%  PG=  6.3%  NFLX= 11.7%  util=0.380844  Δ=+0.005371
  JPM+1%  LLY= 17.4%  JPM= 13.1%  V= 10.1%  UNH=  9.2%  XOM=  8.2%  MA=  7.7%  COST=  9.5%  HD=  6.8%  PG=  6.3%  NFLX= 11.7%  util=0.379293  Δ=-0.006133
  V+1%  LLY= 17.4%  JPM= 12.0%  V= 11.2%  UNH=  9.2%  XOM=  8.2%  MA=  7.7%  COST=  9.5%  HD=  6.8%  PG=  6.3%  NFLX= 11.7%  util=0.378311  Δ=-0.002065
  UNH+1%  LLY= 17.4%  JPM= 12.0%  V= 10.1%  UNH= 10.3%  XOM=  8.2%  MA=  7.7%  COST=  9.5%  HD=  6.8%  PG=  6.3%  NFLX= 11.7%  util=0.378655  Δ=+0.000961
  XOM+1%  LLY= 17.4%  JPM= 12.0%  V= 10.1%  UNH=  9.2%  XOM=  9.3%  MA=  7.7%  COST=  9.5%  HD=  6.8%  PG=  6.3%  NFLX= 11.7%  util=0.377914  Δ=-0.005330
  MA+1%  LLY= 17.4%  JPM= 12.0%  V= 10.1%  UNH=  9.2%  XOM=  8.2%  MA=  8.8%  COST=  9.5%  HD=  6.8%  PG=  6.3%  NFLX= 11.7%  util=0.378838  Δ=-0.002366
  COST+1%  LLY= 17.4%  JPM= 12.0%  V= 10.1%  UNH=  9.2%  XOM=  8.2%  MA=  7.7%  COST= 10.6%  HD=  6.8%  PG=  6.3%  NFLX= 11.7%  util=0.379386  Δ=+0.006114
  HD+1%  LLY= 17.4%  JPM= 12.0%  V= 10.1%  UNH=  9.2%  XOM=  8.2%  MA=  7.7%  COST=  9.5%  HD=  7.9%  PG=  6.3%  NFLX= 11.7%  util=0.378286  Δ=-0.008319
  PG+1%  LLY= 17.4%  JPM= 12.0%  V= 10.1%  UNH=  9.2%  XOM=  8.2%  MA=  7.7%  COST=  9.5%  HD=  6.8%  PG=  7.4%  NFLX= 11.7%  util=0.377455  Δ=+0.003909
  NFLX+1%  LLY= 17.4%  JPM= 12.0%  V= 10.1%  UNH=  9.2%  XOM=  8.2%  MA=  7.7%  COST=  9.5%  HD=  6.8%  PG=  6.3%  NFLX= 12.8%  util=0.382974  Δ=+0.003367
  ★ WINNER: COST  improvement=+0.006114
────────────────────────────────────────────────────────────────────────
Epoch 12  [startUtility=2.129493  feasible=10]
  LLY+1%  LLY= 18.4%  JPM= 11.9%  V= 10.0%  UNH=  9.1%  XOM=  8.1%  MA=  7.6%  COST= 10.5%  HD=  6.7%  PG=  6.2%  NFLX= 11.6%  util=0.381007  Δ=+0.005437
  JPM+1%  LLY= 17.3%  JPM= 13.0%  V= 10.0%  UNH=  9.1%  XOM=  8.1%  MA=  7.6%  COST= 10.5%  HD=  6.7%  PG=  6.2%  NFLX= 11.6%  util=0.379454  Δ=-0.006083
  V+1%  LLY= 17.3%  JPM= 11.9%  V= 11.1%  UNH=  9.1%  XOM=  8.1%  MA=  7.6%  COST= 10.5%  HD=  6.7%  PG=  6.2%  NFLX= 11.6%  util=0.378473  Δ=-0.002033
  UNH+1%  LLY= 17.3%  JPM= 11.9%  V= 10.0%  UNH= 10.2%  XOM=  8.1%  MA=  7.6%  COST= 10.5%  HD=  6.7%  PG=  6.2%  NFLX= 11.6%  util=0.378830  Δ=+0.001015
  XOM+1%  LLY= 17.3%  JPM= 11.9%  V= 10.0%  UNH=  9.1%  XOM=  9.2%  MA=  7.6%  COST= 10.5%  HD=  6.7%  PG=  6.2%  NFLX= 11.6%  util=0.378104  Δ=-0.005059
  MA+1%  LLY= 17.3%  JPM= 11.9%  V= 10.0%  UNH=  9.1%  XOM=  8.1%  MA=  8.7%  COST= 10.5%  HD=  6.7%  PG=  6.2%  NFLX= 11.6%  util=0.379003  Δ=-0.002286
  COST+1%  LLY= 17.3%  JPM= 11.9%  V= 10.0%  UNH=  9.1%  XOM=  8.1%  MA=  7.6%  COST= 11.6%  HD=  6.7%  PG=  6.2%  NFLX= 11.6%  util=0.379514  Δ=+0.005644
  HD+1%  LLY= 17.3%  JPM= 11.9%  V= 10.0%  UNH=  9.1%  XOM=  8.1%  MA=  7.6%  COST= 10.5%  HD=  7.8%  PG=  6.2%  NFLX= 11.6%  util=0.378430  Δ=-0.008475
  PG+1%  LLY= 17.3%  JPM= 11.9%  V= 10.0%  UNH=  9.1%  XOM=  8.1%  MA=  7.6%  COST= 10.5%  HD=  6.7%  PG=  7.3%  NFLX= 11.6%  util=0.377613  Δ=+0.003878
  NFLX+1%  LLY= 17.3%  JPM= 11.9%  V= 10.0%  UNH=  9.1%  XOM=  8.1%  MA=  7.6%  COST= 10.5%  HD=  6.7%  PG=  6.2%  NFLX= 12.7%  util=0.383142  Δ=+0.003418
  ★ WINNER: COST  improvement=+0.005644
────────────────────────────────────────────────────────────────────────
Epoch 13  [startUtility=2.135138  feasible=10]
  LLY+1%  LLY= 18.3%  JPM= 11.8%  V=  9.9%  UNH=  8.9%  XOM=  8.0%  MA=  7.5%  COST= 11.5%  HD=  6.6%  PG=  6.1%  NFLX= 11.4%  util=0.381148  Δ=+0.005508
  JPM+1%  LLY= 17.2%  JPM= 12.9%  V=  9.9%  UNH=  8.9%  XOM=  8.0%  MA=  7.5%  COST= 11.5%  HD=  6.6%  PG=  6.1%  NFLX= 11.4%  util=0.379589  Δ=-0.006028
  V+1%  LLY= 17.2%  JPM= 11.8%  V= 11.0%  UNH=  8.9%  XOM=  8.0%  MA=  7.5%  COST= 11.5%  HD=  6.6%  PG=  6.1%  NFLX= 11.4%  util=0.378592  Δ=-0.002003
  UNH+1%  LLY= 17.2%  JPM= 11.8%  V=  9.9%  UNH= 10.1%  XOM=  8.0%  MA=  7.5%  COST= 11.5%  HD=  6.6%  PG=  6.1%  NFLX= 11.4%  util=0.378968  Δ=+0.001067
  XOM+1%  LLY= 17.2%  JPM= 11.8%  V=  9.9%  UNH=  8.9%  XOM=  9.1%  MA=  7.5%  COST= 11.5%  HD=  6.6%  PG=  6.1%  NFLX= 11.4%  util=0.378272  Δ=-0.004783
  MA+1%  LLY= 17.2%  JPM= 11.8%  V=  9.9%  UNH=  8.9%  XOM=  8.0%  MA=  8.6%  COST= 11.5%  HD=  6.6%  PG=  6.1%  NFLX= 11.4%  util=0.379122  Δ=-0.002206
  COST+1%  LLY= 17.2%  JPM= 11.8%  V=  9.9%  UNH=  8.9%  XOM=  8.0%  MA=  7.5%  COST= 12.6%  HD=  6.6%  PG=  6.1%  NFLX= 11.4%  util=0.379615  Δ=+0.005165
  HD+1%  LLY= 17.2%  JPM= 11.8%  V=  9.9%  UNH=  8.9%  XOM=  8.0%  MA=  7.5%  COST= 11.5%  HD=  7.7%  PG=  6.1%  NFLX= 11.4%  util=0.378538  Δ=-0.008630
  PG+1%  LLY= 17.2%  JPM= 11.8%  V=  9.9%  UNH=  8.9%  XOM=  8.0%  MA=  7.5%  COST= 11.5%  HD=  6.6%  PG=  7.2%  NFLX= 11.4%  util=0.377718  Δ=+0.003839
  NFLX+1%  LLY= 17.2%  JPM= 11.8%  V=  9.9%  UNH=  8.9%  XOM=  8.0%  MA=  7.5%  COST= 11.5%  HD=  6.6%  PG=  6.1%  NFLX= 12.6%  util=0.383288  Δ=+0.003479
  ★ WINNER: LLY  improvement=+0.005508
────────────────────────────────────────────────────────────────────────
Epoch 14  [startUtility=2.140646  feasible=10]
  LLY+1%  LLY= 19.3%  JPM= 11.7%  V=  9.8%  UNH=  8.8%  XOM=  7.9%  MA=  7.4%  COST= 11.4%  HD=  6.4%  PG=  6.0%  NFLX= 11.3%  util=0.382745  Δ=+0.003784
  JPM+1%  LLY= 18.2%  JPM= 12.8%  V=  9.8%  UNH=  8.8%  XOM=  7.9%  MA=  7.4%  COST= 11.4%  HD=  6.4%  PG=  6.0%  NFLX= 11.3%  util=0.381210  Δ=-0.005645
  V+1%  LLY= 18.2%  JPM= 11.7%  V= 10.9%  UNH=  8.8%  XOM=  7.9%  MA=  7.4%  COST= 11.4%  HD=  6.4%  PG=  6.0%  NFLX= 11.3%  util=0.380241  Δ=-0.001819
  UNH+1%  LLY= 18.2%  JPM= 11.7%  V=  9.8%  UNH=  9.9%  XOM=  7.9%  MA=  7.4%  COST= 11.4%  HD=  6.4%  PG=  6.0%  NFLX= 11.3%  util=0.380657  Δ=+0.001012
  XOM+1%  LLY= 18.2%  JPM= 11.7%  V=  9.8%  UNH=  8.8%  XOM=  9.0%  MA=  7.4%  COST= 11.4%  HD=  6.4%  PG=  6.0%  NFLX= 11.3%  util=0.379869  Δ=-0.004996
  MA+1%  LLY= 18.2%  JPM= 11.7%  V=  9.8%  UNH=  8.8%  XOM=  7.9%  MA=  8.5%  COST= 11.4%  HD=  6.4%  PG=  6.0%  NFLX= 11.3%  util=0.380765  Δ=-0.001880
  COST+1%  LLY= 18.2%  JPM= 11.7%  V=  9.8%  UNH=  8.8%  XOM=  7.9%  MA=  7.4%  COST= 12.5%  HD=  6.4%  PG=  6.0%  NFLX= 11.3%  util=0.381258  Δ=+0.005240
  HD+1%  LLY= 18.2%  JPM= 11.7%  V=  9.8%  UNH=  8.8%  XOM=  7.9%  MA=  7.4%  COST= 11.4%  HD=  7.6%  PG=  6.0%  NFLX= 11.3%  util=0.380209  Δ=-0.008219
  PG+1%  LLY= 18.2%  JPM= 11.7%  V=  9.8%  UNH=  8.8%  XOM=  7.9%  MA=  7.4%  COST= 11.4%  HD=  6.4%  PG=  7.1%  NFLX= 11.3%  util=0.379377  Δ=+0.003775
  NFLX+1%  LLY= 18.2%  JPM= 11.7%  V=  9.8%  UNH=  8.8%  XOM=  7.9%  MA=  7.4%  COST= 11.4%  HD=  6.4%  PG=  6.0%  NFLX= 12.4%  util=0.384971  Δ=+0.004186
  ★ WINNER: COST  improvement=+0.005240
────────────────────────────────────────────────────────────────────────
Epoch 15  [startUtility=2.145886  feasible=10]
  LLY+1%  LLY= 19.2%  JPM= 11.6%  V=  9.7%  UNH=  8.7%  XOM=  7.8%  MA=  7.3%  COST= 12.4%  HD=  6.3%  PG=  5.9%  NFLX= 11.2%  util=0.382869  Δ=+0.003843
  JPM+1%  LLY= 18.1%  JPM= 12.7%  V=  9.7%  UNH=  8.7%  XOM=  7.8%  MA=  7.3%  COST= 12.4%  HD=  6.3%  PG=  5.9%  NFLX= 11.2%  util=0.381316  Δ=-0.005584
  V+1%  LLY= 18.1%  JPM= 11.6%  V= 10.8%  UNH=  8.7%  XOM=  7.8%  MA=  7.3%  COST= 12.4%  HD=  6.3%  PG=  5.9%  NFLX= 11.2%  util=0.380346  Δ=-0.001790
  UNH+1%  LLY= 18.1%  JPM= 11.6%  V=  9.7%  UNH=  9.8%  XOM=  7.8%  MA=  7.3%  COST= 12.4%  HD=  6.3%  PG=  5.9%  NFLX= 11.2%  util=0.380771  Δ=+0.001061
  XOM+1%  LLY= 18.1%  JPM= 11.6%  V=  9.7%  UNH=  8.7%  XOM=  8.9%  MA=  7.3%  COST= 12.4%  HD=  6.3%  PG=  5.9%  NFLX= 11.2%  util=0.380004  Δ=-0.004721
  MA+1%  LLY= 18.1%  JPM= 11.6%  V=  9.7%  UNH=  8.7%  XOM=  7.8%  MA=  8.4%  COST= 12.4%  HD=  6.3%  PG=  5.9%  NFLX= 11.2%  util=0.380875  Δ=-0.001796
  COST+1%  LLY= 18.1%  JPM= 11.6%  V=  9.7%  UNH=  8.7%  XOM=  7.8%  MA=  7.3%  COST= 13.5%  HD=  6.3%  PG=  5.9%  NFLX= 11.2%  util=0.381348  Δ=+0.004755
  HD+1%  LLY= 18.1%  JPM= 11.6%  V=  9.7%  UNH=  8.7%  XOM=  7.8%  MA=  7.3%  COST= 12.4%  HD=  7.4%  PG=  5.9%  NFLX= 11.2%  util=0.380312  Δ=-0.008371
  PG+1%  LLY= 18.1%  JPM= 11.6%  V=  9.7%  UNH=  8.7%  XOM=  7.8%  MA=  7.3%  COST= 12.4%  HD=  6.3%  PG=  7.0%  NFLX= 11.2%  util=0.379470  Δ=+0.003728
  NFLX+1%  LLY= 18.1%  JPM= 11.6%  V=  9.7%  UNH=  8.7%  XOM=  7.8%  MA=  7.3%  COST= 12.4%  HD=  6.3%  PG=  5.9%  NFLX= 12.3%  util=0.385085  Δ=+0.004265
  ★ WINNER: COST  improvement=+0.004755
────────────────────────────────────────────────────────────────────────
Epoch 16  [startUtility=2.150641  feasible=10]
  LLY+1%  LLY= 19.1%  JPM= 11.5%  V=  9.6%  UNH=  8.6%  XOM=  7.7%  MA=  7.2%  COST= 13.4%  HD=  6.2%  PG=  5.7%  NFLX= 11.1%  util=0.382974  Δ=+0.003907
  JPM+1%  LLY= 18.0%  JPM= 12.6%  V=  9.6%  UNH=  8.6%  XOM=  7.7%  MA=  7.2%  COST= 13.4%  HD=  6.2%  PG=  5.7%  NFLX= 11.1%  util=0.381412  Δ=-0.005518
  V+1%  LLY= 18.0%  JPM= 11.5%  V= 10.7%  UNH=  8.6%  XOM=  7.7%  MA=  7.2%  COST= 13.4%  HD=  6.2%  PG=  5.7%  NFLX= 11.1%  util=0.380433  Δ=-0.001762
  UNH+1%  LLY= 18.0%  JPM= 11.5%  V=  9.6%  UNH=  9.7%  XOM=  7.7%  MA=  7.2%  COST= 13.4%  HD=  6.2%  PG=  5.7%  NFLX= 11.1%  util=0.380869  Δ=+0.001108
  XOM+1%  LLY= 18.0%  JPM= 11.5%  V=  9.6%  UNH=  8.6%  XOM=  8.8%  MA=  7.2%  COST= 13.4%  HD=  6.2%  PG=  5.7%  NFLX= 11.1%  util=0.380124  Δ=-0.004442
  MA+1%  LLY= 18.0%  JPM= 11.5%  V=  9.6%  UNH=  8.6%  XOM=  7.7%  MA=  8.3%  COST= 13.4%  HD=  6.2%  PG=  5.7%  NFLX= 11.1%  util=0.380961  Δ=-0.001712
  COST+1%  LLY= 18.0%  JPM= 11.5%  V=  9.6%  UNH=  8.6%  XOM=  7.7%  MA=  7.2%  COST= 14.5%  HD=  6.2%  PG=  5.7%  NFLX= 11.1%  util=0.381425  Δ=+0.004262
  HD+1%  LLY= 18.0%  JPM= 11.5%  V=  9.6%  UNH=  8.6%  XOM=  7.7%  MA=  7.2%  COST= 13.4%  HD=  7.3%  PG=  5.7%  NFLX= 11.1%  util=0.380408  Δ=-0.008522
  PG+1%  LLY= 18.0%  JPM= 11.5%  V=  9.6%  UNH=  8.6%  XOM=  7.7%  MA=  7.2%  COST= 13.4%  HD=  6.2%  PG=  6.9%  NFLX= 11.1%  util=0.379550  Δ=+0.003671
  NFLX+1%  LLY= 18.0%  JPM= 11.5%  V=  9.6%  UNH=  8.6%  XOM=  7.7%  MA=  7.2%  COST= 13.4%  HD=  6.2%  PG=  5.7%  NFLX= 12.2%  util=0.385177  Δ=+0.004354
  ★ WINNER: NFLX  improvement=+0.004354
────────────────────────────────────────────────────────────────────────
Epoch 17  [startUtility=2.154995  feasible=10]
  LLY+1%  LLY= 19.0%  JPM= 11.4%  V=  9.5%  UNH=  8.5%  XOM=  7.5%  MA=  7.1%  COST= 13.3%  HD=  6.1%  PG=  5.6%  NFLX= 12.1%  util=0.386798  Δ=+0.004643
  JPM+1%  LLY= 17.9%  JPM= 12.5%  V=  9.5%  UNH=  8.5%  XOM=  7.5%  MA=  7.1%  COST= 13.3%  HD=  6.1%  PG=  5.6%  NFLX= 12.1%  util=0.385259  Δ=-0.005453
  V+1%  LLY= 17.9%  JPM= 11.4%  V= 10.6%  UNH=  8.5%  XOM=  7.5%  MA=  7.1%  COST= 13.3%  HD=  6.1%  PG=  5.6%  NFLX= 12.1%  util=0.384265  Δ=-0.001715
  UNH+1%  LLY= 17.9%  JPM= 11.4%  V=  9.5%  UNH=  9.6%  XOM=  7.5%  MA=  7.1%  COST= 13.3%  HD=  6.1%  PG=  5.6%  NFLX= 12.1%  util=0.384656  Δ=+0.001620
  XOM+1%  LLY= 17.9%  JPM= 11.4%  V=  9.5%  UNH=  8.5%  XOM=  8.7%  MA=  7.1%  COST= 13.3%  HD=  6.1%  PG=  5.6%  NFLX= 12.1%  util=0.384030  Δ=-0.003544
  MA+1%  LLY= 17.9%  JPM= 11.4%  V=  9.5%  UNH=  8.5%  XOM=  7.5%  MA=  8.2%  COST= 13.3%  HD=  6.1%  PG=  5.6%  NFLX= 12.1%  util=0.384788  Δ=-0.001736
  COST+1%  LLY= 17.9%  JPM= 11.4%  V=  9.5%  UNH=  8.5%  XOM=  7.5%  MA=  7.1%  COST= 14.4%  HD=  6.1%  PG=  5.6%  NFLX= 12.1%  util=0.385255  Δ=+0.004361
  HD+1%  LLY= 17.9%  JPM= 11.4%  V=  9.5%  UNH=  8.5%  XOM=  7.5%  MA=  7.1%  COST= 13.3%  HD=  7.2%  PG=  5.6%  NFLX= 12.1%  util=0.384231  Δ=-0.008331
  PG+1%  LLY= 17.9%  JPM= 11.4%  V=  9.5%  UNH=  8.5%  XOM=  7.5%  MA=  7.1%  COST= 13.3%  HD=  6.1%  PG=  6.7%  NFLX= 12.1%  util=0.383375  Δ=+0.004042
  NFLX+1%  LLY= 17.9%  JPM= 11.4%  V=  9.5%  UNH=  8.5%  XOM=  7.5%  MA=  7.1%  COST= 13.3%  HD=  6.1%  PG=  5.6%  NFLX= 13.2%  util=0.388849  Δ=+0.001616
  ★ WINNER: LLY  improvement=+0.004643
────────────────────────────────────────────────────────────────────────
Epoch 18  [startUtility=2.159638  feasible=10]
  LLY+1%  LLY= 20.0%  JPM= 11.2%  V=  9.3%  UNH=  8.4%  XOM=  7.4%  MA=  7.0%  COST= 13.1%  HD=  6.0%  PG=  5.5%  NFLX= 12.0%  util=0.388411  Δ=+0.002962
  JPM+1%  LLY= 18.9%  JPM= 12.4%  V=  9.3%  UNH=  8.4%  XOM=  7.4%  MA=  7.0%  COST= 13.1%  HD=  6.0%  PG=  5.5%  NFLX= 12.0%  util=0.386868  Δ=-0.005074
  V+1%  LLY= 18.9%  JPM= 11.2%  V= 10.5%  UNH=  8.4%  XOM=  7.4%  MA=  7.0%  COST= 13.1%  HD=  6.0%  PG=  5.5%  NFLX= 12.0%  util=0.385892  Δ=-0.001539
  UNH+1%  LLY= 18.9%  JPM= 11.2%  V=  9.3%  UNH=  9.5%  XOM=  7.4%  MA=  7.0%  COST= 13.1%  HD=  6.0%  PG=  5.5%  NFLX= 12.0%  util=0.386311  Δ=+0.001558
  XOM+1%  LLY= 18.9%  JPM= 11.2%  V=  9.3%  UNH=  8.4%  XOM=  8.5%  MA=  7.0%  COST= 13.1%  HD=  6.0%  PG=  5.5%  NFLX= 12.0%  util=0.385606  Δ=-0.003767
  MA+1%  LLY= 18.9%  JPM= 11.2%  V=  9.3%  UNH=  8.4%  XOM=  7.4%  MA=  8.1%  COST= 13.1%  HD=  6.0%  PG=  5.5%  NFLX= 12.0%  util=0.386420  Δ=-0.001418
  COST+1%  LLY= 18.9%  JPM= 11.2%  V=  9.3%  UNH=  8.4%  XOM=  7.4%  MA=  7.0%  COST= 14.3%  HD=  6.0%  PG=  5.5%  NFLX= 12.0%  util=0.386884  Δ=+0.004437
  HD+1%  LLY= 18.9%  JPM= 11.2%  V=  9.3%  UNH=  8.4%  XOM=  7.4%  MA=  7.0%  COST= 13.1%  HD=  7.1%  PG=  5.5%  NFLX= 12.0%  util=0.385875  Δ=-0.007923
  PG+1%  LLY= 18.9%  JPM= 11.2%  V=  9.3%  UNH=  8.4%  XOM=  7.4%  MA=  7.0%  COST= 13.1%  HD=  6.0%  PG=  6.6%  NFLX= 12.0%  util=0.385006  Δ=+0.003965
  NFLX+1%  LLY= 18.9%  JPM= 11.2%  V=  9.3%  UNH=  8.4%  XOM=  7.4%  MA=  7.0%  COST= 13.1%  HD=  6.0%  PG=  5.5%  NFLX= 13.1%  util=0.390551  Δ=+0.002332
  ★ WINNER: COST  improvement=+0.004437
────────────────────────────────────────────────────────────────────────
Epoch 19  [startUtility=2.164075  feasible=10]
  LLY+1%  LLY= 19.9%  JPM= 11.1%  V=  9.2%  UNH=  8.3%  XOM=  7.3%  MA=  6.8%  COST= 14.1%  HD=  5.9%  PG=  5.4%  NFLX= 11.9%  util=0.388505  Δ=+0.003023
  JPM+1%  LLY= 18.8%  JPM= 12.2%  V=  9.2%  UNH=  8.3%  XOM=  7.3%  MA=  6.8%  COST= 14.1%  HD=  5.9%  PG=  5.4%  NFLX= 11.9%  util=0.386958  Δ=-0.005005
  V+1%  LLY= 18.8%  JPM= 11.1%  V= 10.3%  UNH=  8.3%  XOM=  7.3%  MA=  6.8%  COST= 14.1%  HD=  5.9%  PG=  5.4%  NFLX= 11.9%  util=0.385973  Δ=-0.001513
  UNH+1%  LLY= 18.8%  JPM= 11.1%  V=  9.2%  UNH=  9.4%  XOM=  7.3%  MA=  6.8%  COST= 14.1%  HD=  5.9%  PG=  5.4%  NFLX= 11.9%  util=0.386399  Δ=+0.001607
  XOM+1%  LLY= 18.8%  JPM= 11.1%  V=  9.2%  UNH=  8.3%  XOM=  8.4%  MA=  6.8%  COST= 14.1%  HD=  5.9%  PG=  5.4%  NFLX= 11.9%  util=0.385715  Δ=-0.003484
  MA+1%  LLY= 18.8%  JPM= 11.1%  V=  9.2%  UNH=  8.3%  XOM=  7.3%  MA=  8.0%  COST= 14.1%  HD=  5.9%  PG=  5.4%  NFLX= 11.9%  util=0.386500  Δ=-0.001334
  COST+1%  LLY= 18.8%  JPM= 11.1%  V=  9.2%  UNH=  8.3%  XOM=  7.3%  MA=  6.8%  COST= 15.3%  HD=  5.9%  PG=  5.4%  NFLX= 11.9%  util=0.386958  Δ=+0.003950
  HD+1%  LLY= 18.8%  JPM= 11.1%  V=  9.2%  UNH=  8.3%  XOM=  7.3%  MA=  6.8%  COST= 14.1%  HD=  7.0%  PG=  5.4%  NFLX= 11.9%  util=0.385955  Δ=-0.008067
  PG+1%  LLY= 18.8%  JPM= 11.1%  V=  9.2%  UNH=  8.3%  XOM=  7.3%  MA=  6.8%  COST= 14.1%  HD=  5.9%  PG=  6.5%  NFLX= 11.9%  util=0.385082  Δ=+0.003906
  NFLX+1%  LLY= 18.8%  JPM= 11.1%  V=  9.2%  UNH=  8.3%  XOM=  7.3%  MA=  6.8%  COST= 14.1%  HD=  5.9%  PG=  5.4%  NFLX= 13.0%  util=0.390661  Δ=+0.002410
  ★ WINNER: COST  improvement=+0.003950
────────────────────────────────────────────────────────────────────────
Epoch 20  [startUtility=2.168024  feasible=10]
  LLY+1%  LLY= 19.8%  JPM= 11.0%  V=  9.1%  UNH=  8.2%  XOM=  7.2%  MA=  6.7%  COST= 15.1%  HD=  5.8%  PG=  5.3%  NFLX= 11.8%  util=0.388582  Δ=+0.003089
  JPM+1%  LLY= 18.6%  JPM= 12.1%  V=  9.1%  UNH=  8.2%  XOM=  7.2%  MA=  6.7%  COST= 15.1%  HD=  5.8%  PG=  5.3%  NFLX= 11.8%  util=0.387042  Δ=-0.004931
  V+1%  LLY= 18.6%  JPM= 11.0%  V= 10.2%  UNH=  8.2%  XOM=  7.2%  MA=  6.7%  COST= 15.1%  HD=  5.8%  PG=  5.3%  NFLX= 11.8%  util=0.386041  Δ=-0.001489
  UNH+1%  LLY= 18.6%  JPM= 11.0%  V=  9.1%  UNH=  9.3%  XOM=  7.2%  MA=  6.7%  COST= 15.1%  HD=  5.8%  PG=  5.3%  NFLX= 11.8%  util=0.386479  Δ=+0.001652
  XOM+1%  LLY= 18.6%  JPM= 11.0%  V=  9.1%  UNH=  8.2%  XOM=  8.3%  MA=  6.7%  COST= 15.1%  HD=  5.8%  PG=  5.3%  NFLX= 11.8%  util=0.385798  Δ=-0.003199
  MA+1%  LLY= 18.6%  JPM= 11.0%  V=  9.1%  UNH=  8.2%  XOM=  7.2%  MA=  7.8%  COST= 15.1%  HD=  5.8%  PG=  5.3%  NFLX= 11.8%  util=0.386567  Δ=-0.001251
  COST+1%  LLY= 18.6%  JPM= 11.0%  V=  9.1%  UNH=  8.2%  XOM=  7.2%  MA=  6.7%  COST= 16.3%  HD=  5.8%  PG=  5.3%  NFLX= 11.8%  util=0.387010  Δ=+0.003455
  HD+1%  LLY= 18.6%  JPM= 11.0%  V=  9.1%  UNH=  8.2%  XOM=  7.2%  MA=  6.7%  COST= 15.1%  HD=  6.9%  PG=  5.3%  NFLX= 11.8%  util=0.386024  Δ=-0.008211
  PG+1%  LLY= 18.6%  JPM= 11.0%  V=  9.1%  UNH=  8.2%  XOM=  7.2%  MA=  6.7%  COST= 15.1%  HD=  5.8%  PG=  6.4%  NFLX= 11.8%  util=0.385148  Δ=+0.003838
  NFLX+1%  LLY= 18.6%  JPM= 11.0%  V=  9.1%  UNH=  8.2%  XOM=  7.2%  MA=  6.7%  COST= 15.1%  HD=  5.8%  PG=  5.3%  NFLX= 12.9%  util=0.390743  Δ=+0.002499
  ★ WINNER: PG  improvement=+0.003838
────────────────────────────────────────────────────────────────────────
Epoch 21  [startUtility=2.171862  feasible=10]
  LLY+1%  LLY= 19.6%  JPM= 10.9%  V=  9.0%  UNH=  8.1%  XOM=  7.1%  MA=  6.6%  COST= 15.0%  HD=  5.7%  PG=  6.3%  NFLX= 11.7%  util=0.386767  Δ=+0.002986
  JPM+1%  LLY= 18.5%  JPM= 12.0%  V=  9.0%  UNH=  8.1%  XOM=  7.1%  MA=  6.6%  COST= 15.0%  HD=  5.7%  PG=  6.3%  NFLX= 11.7%  util=0.385234  Δ=-0.004876
  V+1%  LLY= 18.5%  JPM= 10.9%  V= 10.1%  UNH=  8.1%  XOM=  7.1%  MA=  6.6%  COST= 15.0%  HD=  5.7%  PG=  6.3%  NFLX= 11.7%  util=0.384226  Δ=-0.001511
  UNH+1%  LLY= 18.5%  JPM= 10.9%  V=  9.0%  UNH=  9.2%  XOM=  7.1%  MA=  6.6%  COST= 15.0%  HD=  5.7%  PG=  6.3%  NFLX= 11.7%  util=0.384668  Δ=+0.001701
  XOM+1%  LLY= 18.5%  JPM= 10.9%  V=  9.0%  UNH=  8.1%  XOM=  8.2%  MA=  6.6%  COST= 15.0%  HD=  5.7%  PG=  6.3%  NFLX= 11.7%  util=0.384005  Δ=-0.003062
  MA+1%  LLY= 18.5%  JPM= 10.9%  V=  9.0%  UNH=  8.1%  XOM=  7.1%  MA=  7.7%  COST= 15.0%  HD=  5.7%  PG=  6.3%  NFLX= 11.7%  util=0.384753  Δ=-0.001289
  COST+1%  LLY= 18.5%  JPM= 10.9%  V=  9.0%  UNH=  8.1%  XOM=  7.1%  MA=  6.6%  COST= 16.1%  HD=  5.7%  PG=  6.3%  NFLX= 11.7%  util=0.385184  Δ=+0.003378
  HD+1%  LLY= 18.5%  JPM= 10.9%  V=  9.0%  UNH=  8.1%  XOM=  7.1%  MA=  6.6%  COST= 15.0%  HD=  6.8%  PG=  6.3%  NFLX= 11.7%  util=0.384217  Δ=-0.008309
  PG+1%  LLY= 18.5%  JPM= 10.9%  V=  9.0%  UNH=  8.1%  XOM=  7.1%  MA=  6.6%  COST= 15.0%  HD=  5.7%  PG=  7.4%  NFLX= 11.7%  util=0.383328  Δ=+0.003513
  NFLX+1%  LLY= 18.5%  JPM= 10.9%  V=  9.0%  UNH=  8.1%  XOM=  7.1%  MA=  6.6%  COST= 15.0%  HD=  5.7%  PG=  6.3%  NFLX= 12.8%  util=0.388939  Δ=+0.002829
  ★ WINNER: PG  improvement=+0.003513
────────────────────────────────────────────────────────────────────────
Epoch 22  [startUtility=2.175375  feasible=10]
  LLY+1%  LLY= 19.5%  JPM= 10.8%  V=  8.9%  UNH=  7.9%  XOM=  7.0%  MA=  6.5%  COST= 14.9%  HD=  5.6%  PG=  7.3%  NFLX= 11.6%  util=0.384946  Δ=+0.002884
  JPM+1%  LLY= 18.4%  JPM= 11.9%  V=  8.9%  UNH=  7.9%  XOM=  7.0%  MA=  6.5%  COST= 14.9%  HD=  5.6%  PG=  7.3%  NFLX= 11.6%  util=0.383425  Δ=-0.004817
  V+1%  LLY= 18.4%  JPM= 10.8%  V= 10.0%  UNH=  7.9%  XOM=  7.0%  MA=  6.5%  COST= 14.9%  HD=  5.6%  PG=  7.3%  NFLX= 11.6%  util=0.382396  Δ=-0.001535
  UNH+1%  LLY= 18.4%  JPM= 10.8%  V=  8.9%  UNH=  9.1%  XOM=  7.0%  MA=  6.5%  COST= 14.9%  HD=  5.6%  PG=  7.3%  NFLX= 11.6%  util=0.382859  Δ=+0.001749
  XOM+1%  LLY= 18.4%  JPM= 10.8%  V=  8.9%  UNH=  7.9%  XOM=  8.1%  MA=  6.5%  COST= 14.9%  HD=  5.6%  PG=  7.3%  NFLX= 11.6%  util=0.382208  Δ=-0.002922
  MA+1%  LLY= 18.4%  JPM= 10.8%  V=  8.9%  UNH=  7.9%  XOM=  7.0%  MA=  7.6%  COST= 14.9%  HD=  5.6%  PG=  7.3%  NFLX= 11.6%  util=0.382925  Δ=-0.001328
  COST+1%  LLY= 18.4%  JPM= 10.8%  V=  8.9%  UNH=  7.9%  XOM=  7.0%  MA=  6.5%  COST= 16.0%  HD=  5.6%  PG=  7.3%  NFLX= 11.6%  util=0.383362  Δ=+0.003295
  HD+1%  LLY= 18.4%  JPM= 10.8%  V=  8.9%  UNH=  7.9%  XOM=  7.0%  MA=  6.5%  COST= 14.9%  HD=  6.7%  PG=  7.3%  NFLX= 11.6%  util=0.382402  Δ=-0.008409
  PG+1%  LLY= 18.4%  JPM= 10.8%  V=  8.9%  UNH=  7.9%  XOM=  7.0%  MA=  6.5%  COST= 14.9%  HD=  5.6%  PG=  8.4%  NFLX= 11.6%  util=0.381491  Δ=+0.003175
  NFLX+1%  LLY= 18.4%  JPM= 10.8%  V=  8.9%  UNH=  7.9%  XOM=  7.0%  MA=  6.5%  COST= 14.9%  HD=  5.6%  PG=  7.3%  NFLX= 12.7%  util=0.387117  Δ=+0.003175
  ★ WINNER: COST  improvement=+0.003295
────────────────────────────────────────────────────────────────────────
Epoch 23  [startUtility=2.178670  feasible=10]
  LLY+1%  LLY= 19.4%  JPM= 10.7%  V=  8.8%  UNH=  7.8%  XOM=  6.9%  MA=  6.4%  COST= 15.9%  HD=  5.4%  PG=  7.2%  NFLX= 11.4%  util=0.385001  Δ=+0.002957
  JPM+1%  LLY= 18.3%  JPM= 11.8%  V=  8.8%  UNH=  7.8%  XOM=  6.9%  MA=  6.4%  COST= 15.9%  HD=  5.4%  PG=  7.2%  NFLX= 11.4%  util=0.383465  Δ=-0.004733
  V+1%  LLY= 18.3%  JPM= 10.7%  V=  9.9%  UNH=  7.8%  XOM=  6.9%  MA=  6.4%  COST= 15.9%  HD=  5.4%  PG=  7.2%  NFLX= 11.4%  util=0.382430  Δ=-0.001516
  UNH+1%  LLY= 18.3%  JPM= 10.7%  V=  8.8%  UNH=  8.9%  XOM=  6.9%  MA=  6.4%  COST= 15.9%  HD=  5.4%  PG=  7.2%  NFLX= 11.4%  util=0.382890  Δ=+0.001791
