=== OPTIMIZATION DEBUG: SP-11-20 ===
Time:   Sat Apr 04 09:49:55 EDT 2026
Start:  LLY= 14.3%  JPM= 13.4%  V= 11.5%  UNH= 10.5%  XOM=  9.5%  MA=  9.1%  COST=  8.6%  HD=  8.1%  PG=  7.6%  NFLX=  7.4%
        utility = 0.352834

────────────────────────────────────────────────────────────────────────
Epoch 0  [startUtility=0.352834  feasible=10]
  LLY+1%  LLY= 15.3%  JPM= 13.2%  V= 11.3%  UNH= 10.4%  XOM=  9.4%  MA=  9.0%  COST=  8.5%  HD=  8.0%  PG=  7.5%  NFLX=  7.3%  util=0.354505  Δ=+0.001671
  JPM+1%  LLY= 14.2%  JPM= 14.4%  V= 11.3%  UNH= 10.4%  XOM=  9.4%  MA=  9.0%  COST=  8.5%  HD=  8.0%  PG=  7.5%  NFLX=  7.3%  util=0.352895  Δ=+0.000061
  V+1%  LLY= 14.2%  JPM= 13.2%  V= 12.5%  UNH= 10.4%  XOM=  9.4%  MA=  9.0%  COST=  8.5%  HD=  8.0%  PG=  7.5%  NFLX=  7.3%  util=0.351896  Δ=-0.000938
  UNH+1%  LLY= 14.2%  JPM= 13.2%  V= 11.3%  UNH= 11.5%  XOM=  9.4%  MA=  9.0%  COST=  8.5%  HD=  8.0%  PG=  7.5%  NFLX=  7.3%  util=0.352159  Δ=-0.000675
  XOM+1%  LLY= 14.2%  JPM= 13.2%  V= 11.3%  UNH= 10.4%  XOM= 10.5%  MA=  9.0%  COST=  8.5%  HD=  8.0%  PG=  7.5%  NFLX=  7.3%  util=0.351491  Δ=-0.001343
  MA+1%  LLY= 14.2%  JPM= 13.2%  V= 11.3%  UNH= 10.4%  XOM=  9.4%  MA= 10.1%  COST=  8.5%  HD=  8.0%  PG=  7.5%  NFLX=  7.3%  util=0.352437  Δ=-0.000397
  COST+1%  LLY= 14.2%  JPM= 13.2%  V= 11.3%  UNH= 10.4%  XOM=  9.4%  MA=  9.0%  COST=  9.6%  HD=  8.0%  PG=  7.5%  NFLX=  7.3%  util=0.352998  Δ=+0.000164
  HD+1%  LLY= 14.2%  JPM= 13.2%  V= 11.3%  UNH= 10.4%  XOM=  9.4%  MA=  9.0%  COST=  8.5%  HD=  9.1%  PG=  7.5%  NFLX=  7.3%  util=0.351798  Δ=-0.001036
  PG+1%  LLY= 14.2%  JPM= 13.2%  V= 11.3%  UNH= 10.4%  XOM=  9.4%  MA=  9.0%  COST=  8.5%  HD=  8.0%  PG=  8.6%  NFLX=  7.3%  util=0.351080  Δ=-0.001754
  NFLX+1%  LLY= 14.2%  JPM= 13.2%  V= 11.3%  UNH= 10.4%  XOM=  9.4%  MA=  9.0%  COST=  8.5%  HD=  8.0%  PG=  7.5%  NFLX=  8.4%  util=0.356852  Δ=+0.004018
  ★ WINNER: NFLX  improvement=+0.004018
────────────────────────────────────────────────────────────────────────
Epoch 1  [startUtility=0.356852  feasible=10]
  LLY+1%  LLY= 15.2%  JPM= 13.1%  V= 11.2%  UNH= 10.3%  XOM=  9.3%  MA=  8.8%  COST=  8.4%  HD=  7.9%  PG=  7.4%  NFLX=  8.3%  util=0.358569  Δ=+0.001717
  JPM+1%  LLY= 14.1%  JPM= 14.2%  V= 11.2%  UNH= 10.3%  XOM=  9.3%  MA=  8.8%  COST=  8.4%  HD=  7.9%  PG=  7.4%  NFLX=  8.3%  util=0.356933  Δ=+0.000082
  V+1%  LLY= 14.1%  JPM= 13.1%  V= 12.3%  UNH= 10.3%  XOM=  9.3%  MA=  8.8%  COST=  8.4%  HD=  7.9%  PG=  7.4%  NFLX=  8.3%  util=0.355923  Δ=-0.000929
  UNH+1%  LLY= 14.1%  JPM= 13.1%  V= 11.2%  UNH= 11.4%  XOM=  9.3%  MA=  8.8%  COST=  8.4%  HD=  7.9%  PG=  7.4%  NFLX=  8.3%  util=0.356201  Δ=-0.000651
  XOM+1%  LLY= 14.1%  JPM= 13.1%  V= 11.2%  UNH= 10.3%  XOM= 10.4%  MA=  8.8%  COST=  8.4%  HD=  7.9%  PG=  7.4%  NFLX=  8.3%  util=0.355571  Δ=-0.001280
  MA+1%  LLY= 14.1%  JPM= 13.1%  V= 11.2%  UNH= 10.3%  XOM=  9.3%  MA= 10.0%  COST=  8.4%  HD=  7.9%  PG=  7.4%  NFLX=  8.3%  util=0.356462  Δ=-0.000389
  COST+1%  LLY= 14.1%  JPM= 13.1%  V= 11.2%  UNH= 10.3%  XOM=  9.3%  MA=  8.8%  COST=  9.5%  HD=  7.9%  PG=  7.4%  NFLX=  8.3%  util=0.357017  Δ=+0.000165
  HD+1%  LLY= 14.1%  JPM= 13.1%  V= 11.2%  UNH= 10.3%  XOM=  9.3%  MA=  8.8%  COST=  8.4%  HD=  9.0%  PG=  7.4%  NFLX=  8.3%  util=0.355827  Δ=-0.001024
  PG+1%  LLY= 14.1%  JPM= 13.1%  V= 11.2%  UNH= 10.3%  XOM=  9.3%  MA=  8.8%  COST=  8.4%  HD=  7.9%  PG=  8.5%  NFLX=  8.3%  util=0.355114  Δ=-0.001737
  NFLX+1%  LLY= 14.1%  JPM= 13.1%  V= 11.2%  UNH= 10.3%  XOM=  9.3%  MA=  8.8%  COST=  8.4%  HD=  7.9%  PG=  7.4%  NFLX=  9.4%  util=0.360841  Δ=+0.003989
  ★ WINNER: NFLX  improvement=+0.003989
────────────────────────────────────────────────────────────────────────
Epoch 2  [startUtility=0.360841  feasible=10]
  LLY+1%  LLY= 15.1%  JPM= 13.0%  V= 11.1%  UNH= 10.2%  XOM=  9.2%  MA=  8.7%  COST=  8.3%  HD=  7.8%  PG=  7.3%  NFLX=  9.3%  util=0.362606  Δ=+0.001765
  JPM+1%  LLY= 14.0%  JPM= 14.1%  V= 11.1%  UNH= 10.2%  XOM=  9.2%  MA=  8.7%  COST=  8.3%  HD=  7.8%  PG=  7.3%  NFLX=  9.3%  util=0.360916  Δ=+0.000075
  V+1%  LLY= 14.0%  JPM= 13.0%  V= 12.2%  UNH= 10.2%  XOM=  9.2%  MA=  8.7%  COST=  8.3%  HD=  7.8%  PG=  7.3%  NFLX=  9.3%  util=0.359905  Δ=-0.000936
  UNH+1%  LLY= 14.0%  JPM= 13.0%  V= 11.1%  UNH= 11.3%  XOM=  9.2%  MA=  8.7%  COST=  8.3%  HD=  7.8%  PG=  7.3%  NFLX=  9.3%  util=0.360163  Δ=-0.000677
  XOM+1%  LLY= 14.0%  JPM= 13.0%  V= 11.1%  UNH= 10.2%  XOM= 10.3%  MA=  8.7%  COST=  8.3%  HD=  7.8%  PG=  7.3%  NFLX=  9.3%  util=0.359561  Δ=-0.001279
  MA+1%  LLY= 14.0%  JPM= 13.0%  V= 11.1%  UNH= 10.2%  XOM=  9.2%  MA=  9.8%  COST=  8.3%  HD=  7.8%  PG=  7.3%  NFLX=  9.3%  util=0.360444  Δ=-0.000396
  COST+1%  LLY= 14.0%  JPM= 13.0%  V= 11.1%  UNH= 10.2%  XOM=  9.2%  MA=  8.7%  COST=  9.4%  HD=  7.8%  PG=  7.3%  NFLX=  9.3%  util=0.361018  Δ=+0.000177
  HD+1%  LLY= 14.0%  JPM= 13.0%  V= 11.1%  UNH= 10.2%  XOM=  9.2%  MA=  8.7%  COST=  8.3%  HD=  8.9%  PG=  7.3%  NFLX=  9.3%  util=0.359824  Δ=-0.001017
  PG+1%  LLY= 14.0%  JPM= 13.0%  V= 11.1%  UNH= 10.2%  XOM=  9.2%  MA=  8.7%  COST=  8.3%  HD=  7.8%  PG=  8.4%  NFLX=  9.3%  util=0.359096  Δ=-0.001745
  NFLX+1%  LLY= 14.0%  JPM= 13.0%  V= 11.1%  UNH= 10.2%  XOM=  9.2%  MA=  8.7%  COST=  8.3%  HD=  7.8%  PG=  7.3%  NFLX= 10.4%  util=0.364795  Δ=+0.003954
  ★ WINNER: NFLX  improvement=+0.003954
────────────────────────────────────────────────────────────────────────
Epoch 3  [startUtility=0.364795  feasible=10]
  LLY+1%  LLY= 15.0%  JPM= 12.9%  V= 11.0%  UNH= 10.1%  XOM=  9.1%  MA=  8.6%  COST=  8.1%  HD=  7.7%  PG=  7.2%  NFLX= 10.3%  util=0.366577  Δ=+0.001783
  JPM+1%  LLY= 13.9%  JPM= 14.0%  V= 11.0%  UNH= 10.1%  XOM=  9.1%  MA=  8.6%  COST=  8.1%  HD=  7.7%  PG=  7.2%  NFLX= 10.3%  util=0.364850  Δ=+0.000056
  V+1%  LLY= 13.9%  JPM= 12.9%  V= 12.1%  UNH= 10.1%  XOM=  9.1%  MA=  8.6%  COST=  8.1%  HD=  7.7%  PG=  7.2%  NFLX= 10.3%  util=0.363856  Δ=-0.000938
  UNH+1%  LLY= 13.9%  JPM= 12.9%  V= 11.0%  UNH= 11.2%  XOM=  9.1%  MA=  8.6%  COST=  8.1%  HD=  7.7%  PG=  7.2%  NFLX= 10.3%  util=0.364105  Δ=-0.000690
  XOM+1%  LLY= 13.9%  JPM= 12.9%  V= 11.0%  UNH= 10.1%  XOM= 10.2%  MA=  8.6%  COST=  8.1%  HD=  7.7%  PG=  7.2%  NFLX= 10.3%  util=0.363529  Δ=-0.001265
  MA+1%  LLY= 13.9%  JPM= 12.9%  V= 11.0%  UNH= 10.1%  XOM=  9.1%  MA=  9.7%  COST=  8.1%  HD=  7.7%  PG=  7.2%  NFLX= 10.3%  util=0.364389  Δ=-0.000405
  COST+1%  LLY= 13.9%  JPM= 12.9%  V= 11.0%  UNH= 10.1%  XOM=  9.1%  MA=  8.6%  COST=  9.3%  HD=  7.7%  PG=  7.2%  NFLX= 10.3%  util=0.364964  Δ=+0.000170
  HD+1%  LLY= 13.9%  JPM= 12.9%  V= 11.0%  UNH= 10.1%  XOM=  9.1%  MA=  8.6%  COST=  8.1%  HD=  8.8%  PG=  7.2%  NFLX= 10.3%  util=0.363774  Δ=-0.001020
  PG+1%  LLY= 13.9%  JPM= 12.9%  V= 11.0%  UNH= 10.1%  XOM=  9.1%  MA=  8.6%  COST=  8.1%  HD=  7.7%  PG=  8.3%  NFLX= 10.3%  util=0.363033  Δ=-0.001761
  NFLX+1%  LLY= 13.9%  JPM= 12.9%  V= 11.0%  UNH= 10.1%  XOM=  9.1%  MA=  8.6%  COST=  8.1%  HD=  7.7%  PG=  7.2%  NFLX= 11.4%  util=0.368631  Δ=+0.003837
  ★ WINNER: NFLX  improvement=+0.003837
────────────────────────────────────────────────────────────────────────
Epoch 4  [startUtility=0.368631  feasible=10]
  LLY+1%  LLY= 14.9%  JPM= 12.8%  V= 10.9%  UNH=  9.9%  XOM=  9.0%  MA=  8.5%  COST=  8.0%  HD=  7.6%  PG=  7.1%  NFLX= 11.3%  util=0.370455  Δ=+0.001824
  JPM+1%  LLY= 13.8%  JPM= 13.9%  V= 10.9%  UNH=  9.9%  XOM=  9.0%  MA=  8.5%  COST=  8.0%  HD=  7.6%  PG=  7.1%  NFLX= 11.3%  util=0.368675  Δ=+0.000043
  V+1%  LLY= 13.8%  JPM= 12.8%  V= 12.0%  UNH=  9.9%  XOM=  9.0%  MA=  8.5%  COST=  8.0%  HD=  7.6%  PG=  7.1%  NFLX= 11.3%  util=0.367671  Δ=-0.000960
  UNH+1%  LLY= 13.8%  JPM= 12.8%  V= 10.9%  UNH= 11.1%  XOM=  9.0%  MA=  8.5%  COST=  8.0%  HD=  7.6%  PG=  7.1%  NFLX= 11.3%  util=0.367949  Δ=-0.000682
  XOM+1%  LLY= 13.8%  JPM= 12.8%  V= 10.9%  UNH=  9.9%  XOM= 10.1%  MA=  8.5%  COST=  8.0%  HD=  7.6%  PG=  7.1%  NFLX= 11.3%  util=0.367445  Δ=-0.001186
  MA+1%  LLY= 13.8%  JPM= 12.8%  V= 10.9%  UNH=  9.9%  XOM=  9.0%  MA=  9.6%  COST=  8.0%  HD=  7.6%  PG=  7.1%  NFLX= 11.3%  util=0.368197  Δ=-0.000434
  COST+1%  LLY= 13.8%  JPM= 12.8%  V= 10.9%  UNH=  9.9%  XOM=  9.0%  MA=  8.5%  COST=  9.1%  HD=  7.6%  PG=  7.1%  NFLX= 11.3%  util=0.368787  Δ=+0.000156
  HD+1%  LLY= 13.8%  JPM= 12.8%  V= 10.9%  UNH=  9.9%  XOM=  9.0%  MA=  8.5%  COST=  8.0%  HD=  8.7%  PG=  7.1%  NFLX= 11.3%  util=0.367603  Δ=-0.001028
  PG+1%  LLY= 13.8%  JPM= 12.8%  V= 10.9%  UNH=  9.9%  XOM=  9.0%  MA=  8.5%  COST=  8.0%  HD=  7.6%  PG=  8.2%  NFLX= 11.3%  util=0.366884  Δ=-0.001747
  NFLX+1%  LLY= 13.8%  JPM= 12.8%  V= 10.9%  UNH=  9.9%  XOM=  9.0%  MA=  8.5%  COST=  8.0%  HD=  7.6%  PG=  7.1%  NFLX= 12.4%  util=0.372225  Δ=+0.003594
  ★ WINNER: NFLX  improvement=+0.003594
────────────────────────────────────────────────────────────────────────
Epoch 5  [startUtility=0.372225  feasible=10]
  LLY+1%  LLY= 14.8%  JPM= 12.7%  V= 10.8%  UNH=  9.8%  XOM=  8.9%  MA=  8.4%  COST=  7.9%  HD=  7.4%  PG=  7.0%  NFLX= 12.3%  util=0.374168  Δ=+0.001943
  JPM+1%  LLY= 13.6%  JPM= 13.8%  V= 10.8%  UNH=  9.8%  XOM=  8.9%  MA=  8.4%  COST=  7.9%  HD=  7.4%  PG=  7.0%  NFLX= 12.3%  util=0.372272  Δ=+0.000048
  V+1%  LLY= 13.6%  JPM= 12.7%  V= 11.9%  UNH=  9.8%  XOM=  8.9%  MA=  8.4%  COST=  7.9%  HD=  7.4%  PG=  7.0%  NFLX= 12.3%  util=0.371267  Δ=-0.000958
  UNH+1%  LLY= 13.6%  JPM= 12.7%  V= 10.8%  UNH= 10.9%  XOM=  8.9%  MA=  8.4%  COST=  7.9%  HD=  7.4%  PG=  7.0%  NFLX= 12.3%  util=0.371542  Δ=-0.000683
  XOM+1%  LLY= 13.6%  JPM= 12.7%  V= 10.8%  UNH=  9.8%  XOM= 10.0%  MA=  8.4%  COST=  7.9%  HD=  7.4%  PG=  7.0%  NFLX= 12.3%  util=0.371121  Δ=-0.001103
  MA+1%  LLY= 13.6%  JPM= 12.7%  V= 10.8%  UNH=  9.8%  XOM=  8.9%  MA=  9.5%  COST=  7.9%  HD=  7.4%  PG=  7.0%  NFLX= 12.3%  util=0.371780  Δ=-0.000445
  COST+1%  LLY= 13.6%  JPM= 12.7%  V= 10.8%  UNH=  9.8%  XOM=  8.9%  MA=  8.4%  COST=  9.0%  HD=  7.4%  PG=  7.0%  NFLX= 12.3%  util=0.372408  Δ=+0.000183
  HD+1%  LLY= 13.6%  JPM= 12.7%  V= 10.8%  UNH=  9.8%  XOM=  8.9%  MA=  8.4%  COST=  7.9%  HD=  8.6%  PG=  7.0%  NFLX= 12.3%  util=0.371211  Δ=-0.001014
  PG+1%  LLY= 13.6%  JPM= 12.7%  V= 10.8%  UNH=  9.8%  XOM=  8.9%  MA=  8.4%  COST=  7.9%  HD=  7.4%  PG=  8.1%  NFLX= 12.3%  util=0.370481  Δ=-0.001744
  NFLX+1%  LLY= 13.6%  JPM= 12.7%  V= 10.8%  UNH=  9.8%  XOM=  8.9%  MA=  8.4%  COST=  7.9%  HD=  7.4%  PG=  7.0%  NFLX= 13.4%  util=0.375695  Δ=+0.003470
  ★ WINNER: NFLX  improvement=+0.003470
────────────────────────────────────────────────────────────────────────
Epoch 6  [startUtility=0.375695  feasible=10]
  LLY+1%  LLY= 14.6%  JPM= 12.6%  V= 10.7%  UNH=  9.7%  XOM=  8.8%  MA=  8.3%  COST=  7.8%  HD=  7.3%  PG=  6.9%  NFLX= 13.3%  util=0.377701  Δ=+0.002006
  JPM+1%  LLY= 13.5%  JPM= 13.7%  V= 10.7%  UNH=  9.7%  XOM=  8.8%  MA=  8.3%  COST=  7.8%  HD=  7.3%  PG=  6.9%  NFLX= 13.3%  util=0.375740  Δ=+0.000045
  V+1%  LLY= 13.5%  JPM= 12.6%  V= 11.8%  UNH=  9.7%  XOM=  8.8%  MA=  8.3%  COST=  7.8%  HD=  7.3%  PG=  6.9%  NFLX= 13.3%  util=0.374737  Δ=-0.000958
  UNH+1%  LLY= 13.5%  JPM= 12.6%  V= 10.7%  UNH= 10.8%  XOM=  8.8%  MA=  8.3%  COST=  7.8%  HD=  7.3%  PG=  6.9%  NFLX= 13.3%  util=0.375066  Δ=-0.000629
  XOM+1%  LLY= 13.5%  JPM= 12.6%  V= 10.7%  UNH=  9.7%  XOM=  9.9%  MA=  8.3%  COST=  7.8%  HD=  7.3%  PG=  6.9%  NFLX= 13.3%  util=0.374659  Δ=-0.001036
  MA+1%  LLY= 13.5%  JPM= 12.6%  V= 10.7%  UNH=  9.7%  XOM=  8.8%  MA=  9.4%  COST=  7.8%  HD=  7.3%  PG=  6.9%  NFLX= 13.3%  util=0.375226  Δ=-0.000469
  COST+1%  LLY= 13.5%  JPM= 12.6%  V= 10.7%  UNH=  9.7%  XOM=  8.8%  MA=  8.3%  COST=  8.9%  HD=  7.3%  PG=  6.9%  NFLX= 13.3%  util=0.375907  Δ=+0.000212
  HD+1%  LLY= 13.5%  JPM= 12.6%  V= 10.7%  UNH=  9.7%  XOM=  8.8%  MA=  8.3%  COST=  7.8%  HD=  8.4%  PG=  6.9%  NFLX= 13.3%  util=0.374689  Δ=-0.001006
  PG+1%  LLY= 13.5%  JPM= 12.6%  V= 10.7%  UNH=  9.7%  XOM=  8.8%  MA=  8.3%  COST=  7.8%  HD=  7.3%  PG=  8.0%  NFLX= 13.3%  util=0.373954  Δ=-0.001741
  NFLX+1%  LLY= 13.5%  JPM= 12.6%  V= 10.7%  UNH=  9.7%  XOM=  8.8%  MA=  8.3%  COST=  7.8%  HD=  7.3%  PG=  6.9%  NFLX= 14.4%  util=0.379106  Δ=+0.003411
  ★ WINNER: NFLX  improvement=+0.003411
────────────────────────────────────────────────────────────────────────
Epoch 7  [startUtility=0.379106  feasible=10]
  LLY+1%  LLY= 14.5%  JPM= 12.5%  V= 10.6%  UNH=  9.6%  XOM=  8.7%  MA=  8.2%  COST=  7.7%  HD=  7.2%  PG=  6.7%  NFLX= 14.3%  util=0.381148  Δ=+0.002043
  JPM+1%  LLY= 13.4%  JPM= 13.6%  V= 10.6%  UNH=  9.6%  XOM=  8.7%  MA=  8.2%  COST=  7.7%  HD=  7.2%  PG=  6.7%  NFLX= 14.3%  util=0.379126  Δ=+0.000020
  V+1%  LLY= 13.4%  JPM= 12.5%  V= 11.7%  UNH=  9.6%  XOM=  8.7%  MA=  8.2%  COST=  7.7%  HD=  7.2%  PG=  6.7%  NFLX= 14.3%  util=0.378151  Δ=-0.000954
  UNH+1%  LLY= 13.4%  JPM= 12.5%  V= 10.6%  UNH= 10.7%  XOM=  8.7%  MA=  8.2%  COST=  7.7%  HD=  7.2%  PG=  6.7%  NFLX= 14.3%  util=0.378523  Δ=-0.000583
  XOM+1%  LLY= 13.4%  JPM= 12.5%  V= 10.6%  UNH=  9.6%  XOM=  9.8%  MA=  8.2%  COST=  7.7%  HD=  7.2%  PG=  6.7%  NFLX= 14.3%  util=0.378090  Δ=-0.001016
  MA+1%  LLY= 13.4%  JPM= 12.5%  V= 10.6%  UNH=  9.6%  XOM=  8.7%  MA=  9.3%  COST=  7.7%  HD=  7.2%  PG=  6.7%  NFLX= 14.3%  util=0.378619  Δ=-0.000486
  COST+1%  LLY= 13.4%  JPM= 12.5%  V= 10.6%  UNH=  9.6%  XOM=  8.7%  MA=  8.2%  COST=  8.8%  HD=  7.2%  PG=  6.7%  NFLX= 14.3%  util=0.379288  Δ=+0.000183
  HD+1%  LLY= 13.4%  JPM= 12.5%  V= 10.6%  UNH=  9.6%  XOM=  8.7%  MA=  8.2%  COST=  7.7%  HD=  8.3%  PG=  6.7%  NFLX= 14.3%  util=0.378070  Δ=-0.001035
  PG+1%  LLY= 13.4%  JPM= 12.5%  V= 10.6%  UNH=  9.6%  XOM=  8.7%  MA=  8.2%  COST=  7.7%  HD=  7.2%  PG=  7.9%  NFLX= 14.3%  util=0.377354  Δ=-0.001752
  NFLX+1%  LLY= 13.4%  JPM= 12.5%  V= 10.6%  UNH=  9.6%  XOM=  8.7%  MA=  8.2%  COST=  7.7%  HD=  7.2%  PG=  6.7%  NFLX= 15.4%  util=0.382447  Δ=+0.003341
  ★ WINNER: NFLX  improvement=+0.003341
────────────────────────────────────────────────────────────────────────
Epoch 8  [startUtility=0.382447  feasible=10]
  LLY+1%  LLY= 14.4%  JPM= 12.4%  V= 10.5%  UNH=  9.5%  XOM=  8.5%  MA=  8.1%  COST=  7.6%  HD=  7.1%  PG=  6.6%  NFLX= 15.3%  util=0.384507  Δ=+0.002060
  JPM+1%  LLY= 13.3%  JPM= 13.5%  V= 10.5%  UNH=  9.5%  XOM=  8.5%  MA=  8.1%  COST=  7.6%  HD=  7.1%  PG=  6.6%  NFLX= 15.3%  util=0.382467  Δ=+0.000020
  V+1%  LLY= 13.3%  JPM= 12.4%  V= 11.6%  UNH=  9.5%  XOM=  8.5%  MA=  8.1%  COST=  7.6%  HD=  7.1%  PG=  6.6%  NFLX= 15.3%  util=0.381489  Δ=-0.000958
  UNH+1%  LLY= 13.3%  JPM= 12.4%  V= 10.5%  UNH= 10.6%  XOM=  8.5%  MA=  8.1%  COST=  7.6%  HD=  7.1%  PG=  6.6%  NFLX= 15.3%  util=0.381866  Δ=-0.000580
  XOM+1%  LLY= 13.3%  JPM= 12.4%  V= 10.5%  UNH=  9.5%  XOM=  9.7%  MA=  8.1%  COST=  7.6%  HD=  7.1%  PG=  6.6%  NFLX= 15.3%  util=0.381473  Δ=-0.000974
  MA+1%  LLY= 13.3%  JPM= 12.4%  V= 10.5%  UNH=  9.5%  XOM=  8.5%  MA=  9.2%  COST=  7.6%  HD=  7.1%  PG=  6.6%  NFLX= 15.3%  util=0.381947  Δ=-0.000500
  COST+1%  LLY= 13.3%  JPM= 12.4%  V= 10.5%  UNH=  9.5%  XOM=  8.5%  MA=  8.1%  COST=  8.7%  HD=  7.1%  PG=  6.6%  NFLX= 15.3%  util=0.382621  Δ=+0.000174
  HD+1%  LLY= 13.3%  JPM= 12.4%  V= 10.5%  UNH=  9.5%  XOM=  8.5%  MA=  8.1%  COST=  7.6%  HD=  8.2%  PG=  6.6%  NFLX= 15.3%  util=0.381406  Δ=-0.001041
  PG+1%  LLY= 13.3%  JPM= 12.4%  V= 10.5%  UNH=  9.5%  XOM=  8.5%  MA=  8.1%  COST=  7.6%  HD=  7.1%  PG=  7.7%  NFLX= 15.3%  util=0.380688  Δ=-0.001759
  NFLX+1%  LLY= 13.3%  JPM= 12.4%  V= 10.5%  UNH=  9.5%  XOM=  8.5%  MA=  8.1%  COST=  7.6%  HD=  7.1%  PG=  6.6%  NFLX= 16.4%  util=0.385664  Δ=+0.003217
  ★ WINNER: NFLX  improvement=+0.003217
────────────────────────────────────────────────────────────────────────
Epoch 9  [startUtility=0.385664  feasible=10]
  LLY+1%  LLY= 14.3%  JPM= 12.2%  V= 10.3%  UNH=  9.4%  XOM=  8.4%  MA=  8.0%  COST=  7.5%  HD=  7.0%  PG=  6.5%  NFLX= 16.3%  util=0.387747  Δ=+0.002083
  JPM+1%  LLY= 13.2%  JPM= 13.4%  V= 10.3%  UNH=  9.4%  XOM=  8.4%  MA=  8.0%  COST=  7.5%  HD=  7.0%  PG=  6.5%  NFLX= 16.3%  util=0.385719  Δ=+0.000055
  V+1%  LLY= 13.2%  JPM= 12.2%  V= 11.5%  UNH=  9.4%  XOM=  8.4%  MA=  8.0%  COST=  7.5%  HD=  7.0%  PG=  6.5%  NFLX= 16.3%  util=0.384708  Δ=-0.000956
  UNH+1%  LLY= 13.2%  JPM= 12.2%  V= 10.3%  UNH= 10.5%  XOM=  8.4%  MA=  8.0%  COST=  7.5%  HD=  7.0%  PG=  6.5%  NFLX= 16.3%  util=0.385087  Δ=-0.000577
  XOM+1%  LLY= 13.2%  JPM= 12.2%  V= 10.3%  UNH=  9.4%  XOM=  9.5%  MA=  8.0%  COST=  7.5%  HD=  7.0%  PG=  6.5%  NFLX= 16.3%  util=0.384781  Δ=-0.000883
  MA+1%  LLY= 13.2%  JPM= 12.2%  V= 10.3%  UNH=  9.4%  XOM=  8.4%  MA=  9.1%  COST=  7.5%  HD=  7.0%  PG=  6.5%  NFLX= 16.3%  util=0.385157  Δ=-0.000507
  COST+1%  LLY= 13.2%  JPM= 12.2%  V= 10.3%  UNH=  9.4%  XOM=  8.4%  MA=  8.0%  COST=  8.6%  HD=  7.0%  PG=  6.5%  NFLX= 16.3%  util=0.385849  Δ=+0.000185
  HD+1%  LLY= 13.2%  JPM= 12.2%  V= 10.3%  UNH=  9.4%  XOM=  8.4%  MA=  8.0%  COST=  7.5%  HD=  8.1%  PG=  6.5%  NFLX= 16.3%  util=0.384627  Δ=-0.001037
  PG+1%  LLY= 13.2%  JPM= 12.2%  V= 10.3%  UNH=  9.4%  XOM=  8.4%  MA=  8.0%  COST=  7.5%  HD=  7.0%  PG=  7.6%  NFLX= 16.3%  util=0.383915  Δ=-0.001749
  NFLX+1%  LLY= 13.2%  JPM= 12.2%  V= 10.3%  UNH=  9.4%  XOM=  8.4%  MA=  8.0%  COST=  7.5%  HD=  7.0%  PG=  6.5%  NFLX= 17.4%  util=0.388818  Δ=+0.003154
  ★ WINNER: NFLX  improvement=+0.003154
────────────────────────────────────────────────────────────────────────
Epoch 10  [startUtility=0.388818  feasible=10]
  LLY+1%  LLY= 14.2%  JPM= 12.1%  V= 10.2%  UNH=  9.3%  XOM=  8.3%  MA=  7.8%  COST=  7.4%  HD=  6.9%  PG=  6.4%  NFLX= 17.3%  util=0.390931  Δ=+0.002113
  JPM+1%  LLY= 13.1%  JPM= 13.2%  V= 10.2%  UNH=  9.3%  XOM=  8.3%  MA=  7.8%  COST=  7.4%  HD=  6.9%  PG=  6.4%  NFLX= 17.3%  util=0.388872  Δ=+0.000054
  V+1%  LLY= 13.1%  JPM= 12.1%  V= 11.3%  UNH=  9.3%  XOM=  8.3%  MA=  7.8%  COST=  7.4%  HD=  6.9%  PG=  6.4%  NFLX= 17.3%  util=0.387870  Δ=-0.000948
  UNH+1%  LLY= 13.1%  JPM= 12.1%  V= 10.2%  UNH= 10.4%  XOM=  8.3%  MA=  7.8%  COST=  7.4%  HD=  6.9%  PG=  6.4%  NFLX= 17.3%  util=0.388229  Δ=-0.000589
  XOM+1%  LLY= 13.1%  JPM= 12.1%  V= 10.2%  UNH=  9.3%  XOM=  9.4%  MA=  7.8%  COST=  7.4%  HD=  6.9%  PG=  6.4%  NFLX= 17.3%  util=0.388033  Δ=-0.000785
  MA+1%  LLY= 13.1%  JPM= 12.1%  V= 10.2%  UNH=  9.3%  XOM=  8.3%  MA=  9.0%  COST=  7.4%  HD=  6.9%  PG=  6.4%  NFLX= 17.3%  util=0.388313  Δ=-0.000505
  COST+1%  LLY= 13.1%  JPM= 12.1%  V= 10.2%  UNH=  9.3%  XOM=  8.3%  MA=  7.8%  COST=  8.5%  HD=  6.9%  PG=  6.4%  NFLX= 17.3%  util=0.388992  Δ=+0.000174
  HD+1%  LLY= 13.1%  JPM= 12.1%  V= 10.2%  UNH=  9.3%  XOM=  8.3%  MA=  7.8%  COST=  7.4%  HD=  8.0%  PG=  6.4%  NFLX= 17.3%  util=0.387782  Δ=-0.001036
  PG+1%  LLY= 13.1%  JPM= 12.1%  V= 10.2%  UNH=  9.3%  XOM=  8.3%  MA=  7.8%  COST=  7.4%  HD=  6.9%  PG=  7.5%  NFLX= 17.3%  util=0.387084  Δ=-0.001734
  NFLX+1%  LLY= 13.1%  JPM= 12.1%  V= 10.2%  UNH=  9.3%  XOM=  8.3%  MA=  7.8%  COST=  7.4%  HD=  6.9%  PG=  6.4%  NFLX= 18.4%  util=0.391851  Δ=+0.003033
  ★ WINNER: NFLX  improvement=+0.003033
────────────────────────────────────────────────────────────────────────
Epoch 11  [startUtility=0.391851  feasible=10]
  LLY+1%  LLY= 14.1%  JPM= 12.0%  V= 10.1%  UNH=  9.2%  XOM=  8.2%  MA=  7.7%  COST=  7.3%  HD=  6.8%  PG=  6.3%  NFLX= 18.3%  util=0.393997  Δ=+0.002146
  JPM+1%  LLY= 13.0%  JPM= 13.1%  V= 10.1%  UNH=  9.2%  XOM=  8.2%  MA=  7.7%  COST=  7.3%  HD=  6.8%  PG=  6.3%  NFLX= 18.3%  util=0.391930  Δ=+0.000079
  V+1%  LLY= 13.0%  JPM= 12.0%  V= 11.2%  UNH=  9.2%  XOM=  8.2%  MA=  7.7%  COST=  7.3%  HD=  6.8%  PG=  6.3%  NFLX= 18.3%  util=0.390898  Δ=-0.000953
  UNH+1%  LLY= 13.0%  JPM= 12.0%  V= 10.1%  UNH= 10.3%  XOM=  8.2%  MA=  7.7%  COST=  7.3%  HD=  6.8%  PG=  6.3%  NFLX= 18.3%  util=0.391265  Δ=-0.000586
  XOM+1%  LLY= 13.0%  JPM= 12.0%  V= 10.1%  UNH=  9.2%  XOM=  9.3%  MA=  7.7%  COST=  7.3%  HD=  6.8%  PG=  6.3%  NFLX= 18.3%  util=0.391153  Δ=-0.000698
  MA+1%  LLY= 13.0%  JPM= 12.0%  V= 10.1%  UNH=  9.2%  XOM=  8.2%  MA=  8.8%  COST=  7.3%  HD=  6.8%  PG=  6.3%  NFLX= 18.3%  util=0.391349  Δ=-0.000502
  COST+1%  LLY= 13.0%  JPM= 12.0%  V= 10.1%  UNH=  9.2%  XOM=  8.2%  MA=  7.7%  COST=  8.4%  HD=  6.8%  PG=  6.3%  NFLX= 18.3%  util=0.392028  Δ=+0.000177
  HD+1%  LLY= 13.0%  JPM= 12.0%  V= 10.1%  UNH=  9.2%  XOM=  8.2%  MA=  7.7%  COST=  7.3%  HD=  7.9%  PG=  6.3%  NFLX= 18.3%  util=0.390833  Δ=-0.001018
  PG+1%  LLY= 13.0%  JPM= 12.0%  V= 10.1%  UNH=  9.2%  XOM=  8.2%  MA=  7.7%  COST=  7.3%  HD=  6.8%  PG=  7.4%  NFLX= 18.3%  util=0.390136  Δ=-0.001715
  NFLX+1%  LLY= 13.0%  JPM= 12.0%  V= 10.1%  UNH=  9.2%  XOM=  8.2%  MA=  7.7%  COST=  7.3%  HD=  6.8%  PG=  6.3%  NFLX= 19.4%  util=0.394724  Δ=+0.002873
  ★ WINNER: NFLX  improvement=+0.002873
────────────────────────────────────────────────────────────────────────
Epoch 12  [startUtility=0.394724  feasible=10]
  LLY+1%  LLY= 14.0%  JPM= 11.9%  V= 10.0%  UNH=  9.1%  XOM=  8.1%  MA=  7.6%  COST=  7.1%  HD=  6.7%  PG=  6.2%  NFLX= 19.3%  util=0.396882  Δ=+0.002158
  JPM+1%  LLY= 12.9%  JPM= 13.0%  V= 10.0%  UNH=  9.1%  XOM=  8.1%  MA=  7.6%  COST=  7.1%  HD=  6.7%  PG=  6.2%  NFLX= 19.3%  util=0.394809  Δ=+0.000085
  V+1%  LLY= 12.9%  JPM= 11.9%  V= 11.1%  UNH=  9.1%  XOM=  8.1%  MA=  7.6%  COST=  7.1%  HD=  6.7%  PG=  6.2%  NFLX= 19.3%  util=0.393768  Δ=-0.000957
  UNH+1%  LLY= 12.9%  JPM= 11.9%  V= 10.0%  UNH= 10.2%  XOM=  8.1%  MA=  7.6%  COST=  7.1%  HD=  6.7%  PG=  6.2%  NFLX= 19.3%  util=0.394129  Δ=-0.000596
  XOM+1%  LLY= 12.9%  JPM= 11.9%  V= 10.0%  UNH=  9.1%  XOM=  9.2%  MA=  7.6%  COST=  7.1%  HD=  6.7%  PG=  6.2%  NFLX= 19.3%  util=0.394108  Δ=-0.000616
  MA+1%  LLY= 12.9%  JPM= 11.9%  V= 10.0%  UNH=  9.1%  XOM=  8.1%  MA=  8.7%  COST=  7.1%  HD=  6.7%  PG=  6.2%  NFLX= 19.3%  util=0.394220  Δ=-0.000504
  COST+1%  LLY= 12.9%  JPM= 11.9%  V= 10.0%  UNH=  9.1%  XOM=  8.1%  MA=  7.6%  COST=  8.3%  HD=  6.7%  PG=  6.2%  NFLX= 19.3%  util=0.394895  Δ=+0.000171
  HD+1%  LLY= 12.9%  JPM= 11.9%  V= 10.0%  UNH=  9.1%  XOM=  8.1%  MA=  7.6%  COST=  7.1%  HD=  7.8%  PG=  6.2%  NFLX= 19.3%  util=0.393704  Δ=-0.001021
  PG+1%  LLY= 12.9%  JPM= 11.9%  V= 10.0%  UNH=  9.1%  XOM=  8.1%  MA=  7.6%  COST=  7.1%  HD=  6.7%  PG=  7.3%  NFLX= 19.3%  util=0.393008  Δ=-0.001716
  NFLX+1%  LLY= 12.9%  JPM= 11.9%  V= 10.0%  UNH=  9.1%  XOM=  8.1%  MA=  7.6%  COST=  7.1%  HD=  6.7%  PG=  6.2%  NFLX= 20.4%  util=0.397492  Δ=+0.002768
  ★ WINNER: NFLX  improvement=+0.002768
────────────────────────────────────────────────────────────────────────
Epoch 13  [startUtility=0.397492  feasible=10]
  LLY+1%  LLY= 13.9%  JPM= 11.8%  V=  9.9%  UNH=  8.9%  XOM=  8.0%  MA=  7.5%  COST=  7.0%  HD=  6.6%  PG=  6.1%  NFLX= 20.3%  util=0.399683  Δ=+0.002191
  JPM+1%  LLY= 12.8%  JPM= 12.9%  V=  9.9%  UNH=  8.9%  XOM=  8.0%  MA=  7.5%  COST=  7.0%  HD=  6.6%  PG=  6.1%  NFLX= 20.3%  util=0.397585  Δ=+0.000093
  V+1%  LLY= 12.8%  JPM= 11.8%  V= 11.0%  UNH=  8.9%  XOM=  8.0%  MA=  7.5%  COST=  7.0%  HD=  6.6%  PG=  6.1%  NFLX= 20.3%  util=0.396526  Δ=-0.000966
  UNH+1%  LLY= 12.8%  JPM= 11.8%  V=  9.9%  UNH= 10.1%  XOM=  8.0%  MA=  7.5%  COST=  7.0%  HD=  6.6%  PG=  6.1%  NFLX= 20.3%  util=0.396906  Δ=-0.000586
  XOM+1%  LLY= 12.8%  JPM= 11.8%  V=  9.9%  UNH=  8.9%  XOM=  9.1%  MA=  7.5%  COST=  7.0%  HD=  6.6%  PG=  6.1%  NFLX= 20.3%  util=0.396945  Δ=-0.000547
  MA+1%  LLY= 12.8%  JPM= 11.8%  V=  9.9%  UNH=  8.9%  XOM=  8.0%  MA=  8.6%  COST=  7.0%  HD=  6.6%  PG=  6.1%  NFLX= 20.3%  util=0.396986  Δ=-0.000506
  COST+1%  LLY= 12.8%  JPM= 11.8%  V=  9.9%  UNH=  8.9%  XOM=  8.0%  MA=  7.5%  COST=  8.1%  HD=  6.6%  PG=  6.1%  NFLX= 20.3%  util=0.397664  Δ=+0.000172
  HD+1%  LLY= 12.8%  JPM= 11.8%  V=  9.9%  UNH=  8.9%  XOM=  8.0%  MA=  7.5%  COST=  7.0%  HD=  7.7%  PG=  6.1%  NFLX= 20.3%  util=0.396482  Δ=-0.001010
  PG+1%  LLY= 12.8%  JPM= 11.8%  V=  9.9%  UNH=  8.9%  XOM=  8.0%  MA=  7.5%  COST=  7.0%  HD=  6.6%  PG=  7.2%  NFLX= 20.3%  util=0.395794  Δ=-0.001698
  NFLX+1%  LLY= 12.8%  JPM= 11.8%  V=  9.9%  UNH=  8.9%  XOM=  8.0%  MA=  7.5%  COST=  7.0%  HD=  6.6%  PG=  6.1%  NFLX= 21.4%  util=0.400242  Δ=+0.002750
  ★ WINNER: NFLX  improvement=+0.002750
────────────────────────────────────────────────────────────────────────
Epoch 14  [startUtility=0.400242  feasible=10]
  LLY+1%  LLY= 13.8%  JPM= 11.7%  V=  9.8%  UNH=  8.8%  XOM=  7.9%  MA=  7.4%  COST=  6.9%  HD=  6.4%  PG=  6.0%  NFLX= 21.3%  util=0.402426  Δ=+0.002184
  JPM+1%  LLY= 12.6%  JPM= 12.8%  V=  9.8%  UNH=  8.8%  XOM=  7.9%  MA=  7.4%  COST=  6.9%  HD=  6.4%  PG=  6.0%  NFLX= 21.3%  util=0.400306  Δ=+0.000063
  V+1%  LLY= 12.6%  JPM= 11.7%  V= 10.9%  UNH=  8.8%  XOM=  7.9%  MA=  7.4%  COST=  6.9%  HD=  6.4%  PG=  6.0%  NFLX= 21.3%  util=0.399288  Δ=-0.000955
  UNH+1%  LLY= 12.6%  JPM= 11.7%  V=  9.8%  UNH=  9.9%  XOM=  7.9%  MA=  7.4%  COST=  6.9%  HD=  6.4%  PG=  6.0%  NFLX= 21.3%  util=0.399659  Δ=-0.000584
  XOM+1%  LLY= 12.6%  JPM= 11.7%  V=  9.8%  UNH=  8.8%  XOM=  9.0%  MA=  7.4%  COST=  6.9%  HD=  6.4%  PG=  6.0%  NFLX= 21.3%  util=0.399711  Δ=-0.000531
  MA+1%  LLY= 12.6%  JPM= 11.7%  V=  9.8%  UNH=  8.8%  XOM=  7.9%  MA=  8.5%  COST=  6.9%  HD=  6.4%  PG=  6.0%  NFLX= 21.3%  util=0.399743  Δ=-0.000499
  COST+1%  LLY= 12.6%  JPM= 11.7%  V=  9.8%  UNH=  8.8%  XOM=  7.9%  MA=  7.4%  COST=  8.0%  HD=  6.4%  PG=  6.0%  NFLX= 21.3%  util=0.400408  Δ=+0.000166
  HD+1%  LLY= 12.6%  JPM= 11.7%  V=  9.8%  UNH=  8.8%  XOM=  7.9%  MA=  7.4%  COST=  6.9%  HD=  7.6%  PG=  6.0%  NFLX= 21.3%  util=0.399203  Δ=-0.001039
  PG+1%  LLY= 12.6%  JPM= 11.7%  V=  9.8%  UNH=  8.8%  XOM=  7.9%  MA=  7.4%  COST=  6.9%  HD=  6.4%  PG=  7.1%  NFLX= 21.3%  util=0.398552  Δ=-0.001690
  NFLX+1%  LLY= 12.6%  JPM= 11.7%  V=  9.8%  UNH=  8.8%  XOM=  7.9%  MA=  7.4%  COST=  6.9%  HD=  6.4%  PG=  6.0%  NFLX= 22.4%  util=0.402904  Δ=+0.002662
  ★ WINNER: NFLX  improvement=+0.002662
────────────────────────────────────────────────────────────────────────
Epoch 15  [startUtility=0.402904  feasible=10]
  LLY+1%  LLY= 13.6%  JPM= 11.6%  V=  9.7%  UNH=  8.7%  XOM=  7.8%  MA=  7.3%  COST=  6.8%  HD=  6.3%  PG=  5.9%  NFLX= 22.3%  util=0.405065  Δ=+0.002161
  JPM+1%  LLY= 12.5%  JPM= 12.7%  V=  9.7%  UNH=  8.7%  XOM=  7.8%  MA=  7.3%  COST=  6.8%  HD=  6.3%  PG=  5.9%  NFLX= 22.3%  util=0.402976  Δ=+0.000073
  V+1%  LLY= 12.5%  JPM= 11.6%  V= 10.8%  UNH=  8.7%  XOM=  7.8%  MA=  7.3%  COST=  6.8%  HD=  6.3%  PG=  5.9%  NFLX= 22.3%  util=0.401969  Δ=-0.000935
  UNH+1%  LLY= 12.5%  JPM= 11.6%  V=  9.7%  UNH=  9.8%  XOM=  7.8%  MA=  7.3%  COST=  6.8%  HD=  6.3%  PG=  5.9%  NFLX= 22.3%  util=0.402302  Δ=-0.000602
  XOM+1%  LLY= 12.5%  JPM= 11.6%  V=  9.7%  UNH=  8.7%  XOM=  8.9%  MA=  7.3%  COST=  6.8%  HD=  6.3%  PG=  5.9%  NFLX= 22.3%  util=0.402427  Δ=-0.000477
  MA+1%  LLY= 12.5%  JPM= 11.6%  V=  9.7%  UNH=  8.7%  XOM=  7.8%  MA=  8.4%  COST=  6.8%  HD=  6.3%  PG=  5.9%  NFLX= 22.3%  util=0.402429  Δ=-0.000475
  COST+1%  LLY= 12.5%  JPM= 11.6%  V=  9.7%  UNH=  8.7%  XOM=  7.8%  MA=  7.3%  COST=  7.9%  HD=  6.3%  PG=  5.9%  NFLX= 22.3%  util=0.403081  Δ=+0.000177
  HD+1%  LLY= 12.5%  JPM= 11.6%  V=  9.7%  UNH=  8.7%  XOM=  7.8%  MA=  7.3%  COST=  6.8%  HD=  7.4%  PG=  5.9%  NFLX= 22.3%  util=0.401868  Δ=-0.001036
  PG+1%  LLY= 12.5%  JPM= 11.6%  V=  9.7%  UNH=  8.7%  XOM=  7.8%  MA=  7.3%  COST=  6.8%  HD=  6.3%  PG=  7.0%  NFLX= 22.3%  util=0.401229  Δ=-0.001675
  NFLX+1%  LLY= 12.5%  JPM= 11.6%  V=  9.7%  UNH=  8.7%  XOM=  7.8%  MA=  7.3%  COST=  6.8%  HD=  6.3%  PG=  5.9%  NFLX= 23.4%  util=0.405458  Δ=+0.002554
  ★ WINNER: NFLX  improvement=+0.002554
────────────────────────────────────────────────────────────────────────
Epoch 16  [startUtility=0.405458  feasible=10]
  LLY+1%  LLY= 13.5%  JPM= 11.5%  V=  9.6%  UNH=  8.6%  XOM=  7.7%  MA=  7.2%  COST=  6.7%  HD=  6.2%  PG=  5.7%  NFLX= 23.3%  util=0.407615  Δ=+0.002157
  JPM+1%  LLY= 12.4%  JPM= 12.6%  V=  9.6%  UNH=  8.6%  XOM=  7.7%  MA=  7.2%  COST=  6.7%  HD=  6.2%  PG=  5.7%  NFLX= 23.3%  util=0.405541  Δ=+0.000083
  V+1%  LLY= 12.4%  JPM= 11.5%  V= 10.7%  UNH=  8.6%  XOM=  7.7%  MA=  7.2%  COST=  6.7%  HD=  6.2%  PG=  5.7%  NFLX= 23.3%  util=0.404564  Δ=-0.000894
  UNH+1%  LLY= 12.4%  JPM= 11.5%  V=  9.6%  UNH=  9.7%  XOM=  7.7%  MA=  7.2%  COST=  6.7%  HD=  6.2%  PG=  5.7%  NFLX= 23.3%  util=0.404868  Δ=-0.000590
  XOM+1%  LLY= 12.4%  JPM= 11.5%  V=  9.6%  UNH=  8.6%  XOM=  8.8%  MA=  7.2%  COST=  6.7%  HD=  6.2%  PG=  5.7%  NFLX= 23.3%  util=0.405037  Δ=-0.000422
  MA+1%  LLY= 12.4%  JPM= 11.5%  V=  9.6%  UNH=  8.6%  XOM=  7.7%  MA=  8.3%  COST=  6.7%  HD=  6.2%  PG=  5.7%  NFLX= 23.3%  util=0.405011  Δ=-0.000448
  COST+1%  LLY= 12.4%  JPM= 11.5%  V=  9.6%  UNH=  8.6%  XOM=  7.7%  MA=  7.2%  COST=  7.8%  HD=  6.2%  PG=  5.7%  NFLX= 23.3%  util=0.405649  Δ=+0.000191
  HD+1%  LLY= 12.4%  JPM= 11.5%  V=  9.6%  UNH=  8.6%  XOM=  7.7%  MA=  7.2%  COST=  6.7%  HD=  7.3%  PG=  5.7%  NFLX= 23.3%  util=0.404414  Δ=-0.001045
  PG+1%  LLY= 12.4%  JPM= 11.5%  V=  9.6%  UNH=  8.6%  XOM=  7.7%  MA=  7.2%  COST=  6.7%  HD=  6.2%  PG=  6.9%  NFLX= 23.3%  util=0.403819  Δ=-0.001639
  NFLX+1%  LLY= 12.4%  JPM= 11.5%  V=  9.6%  UNH=  8.6%  XOM=  7.7%  MA=  7.2%  COST=  6.7%  HD=  6.2%  PG=  5.7%  NFLX= 24.4%  util=0.407930  Δ=+0.002472
  ★ WINNER: NFLX  improvement=+0.002472
────────────────────────────────────────────────────────────────────────
Epoch 17  [startUtility=0.407930  feasible=10]
  LLY+1%  LLY= 13.4%  JPM= 11.4%  V=  9.5%  UNH=  8.5%  XOM=  7.5%  MA=  7.1%  COST=  6.6%  HD=  6.1%  PG=  5.6%  NFLX= 24.3%  util=0.410135  Δ=+0.002204
  JPM+1%  LLY= 12.3%  JPM= 12.5%  V=  9.5%  UNH=  8.5%  XOM=  7.5%  MA=  7.1%  COST=  6.6%  HD=  6.1%  PG=  5.6%  NFLX= 24.3%  util=0.408030  Δ=+0.000100
  V+1%  LLY= 12.3%  JPM= 11.4%  V= 10.6%  UNH=  8.5%  XOM=  7.5%  MA=  7.1%  COST=  6.6%  HD=  6.1%  PG=  5.6%  NFLX= 24.3%  util=0.407043  Δ=-0.000887
  UNH+1%  LLY= 12.3%  JPM= 11.4%  V=  9.5%  UNH=  9.6%  XOM=  7.5%  MA=  7.1%  COST=  6.6%  HD=  6.1%  PG=  5.6%  NFLX= 24.3%  util=0.407342  Δ=-0.000588
  XOM+1%  LLY= 12.3%  JPM= 11.4%  V=  9.5%  UNH=  8.5%  XOM=  8.7%  MA=  7.1%  COST=  6.6%  HD=  6.1%  PG=  5.6%  NFLX= 24.3%  util=0.407531  Δ=-0.000399
  MA+1%  LLY= 12.3%  JPM= 11.4%  V=  9.5%  UNH=  8.5%  XOM=  7.5%  MA=  8.2%  COST=  6.6%  HD=  6.1%  PG=  5.6%  NFLX= 24.3%  util=0.407485  Δ=-0.000445
  COST+1%  LLY= 12.3%  JPM= 11.4%  V=  9.5%  UNH=  8.5%  XOM=  7.5%  MA=  7.1%  COST=  7.7%  HD=  6.1%  PG=  5.6%  NFLX= 24.3%  util=0.408137  Δ=+0.000207
  HD+1%  LLY= 12.3%  JPM= 11.4%  V=  9.5%  UNH=  8.5%  XOM=  7.5%  MA=  7.1%  COST=  6.6%  HD=  7.2%  PG=  5.6%  NFLX= 24.3%  util=0.406881  Δ=-0.001050
  PG+1%  LLY= 12.3%  JPM= 11.4%  V=  9.5%  UNH=  8.5%  XOM=  7.5%  MA=  7.1%  COST=  6.6%  HD=  6.1%  PG=  6.7%  NFLX= 24.3%  util=0.406303  Δ=-0.001627
  NFLX+1%  LLY= 12.3%  JPM= 11.4%  V=  9.5%  UNH=  8.5%  XOM=  7.5%  MA=  7.1%  COST=  6.6%  HD=  6.1%  PG=  5.6%  NFLX= 25.4%  util=0.410332  Δ=+0.002402
  ★ WINNER: NFLX  improvement=+0.002402
────────────────────────────────────────────────────────────────────────
Epoch 18  [startUtility=0.410332  feasible=10]
  LLY+1%  LLY= 13.3%  JPM= 11.2%  V=  9.3%  UNH=  8.4%  XOM=  7.4%  MA=  7.0%  COST=  6.5%  HD=  6.0%  PG=  5.5%  NFLX= 25.3%  util=0.412610  Δ=+0.002278
  JPM+1%  LLY= 12.2%  JPM= 12.4%  V=  9.3%  UNH=  8.4%  XOM=  7.4%  MA=  7.0%  COST=  6.5%  HD=  6.0%  PG=  5.5%  NFLX= 25.3%  util=0.410443  Δ=+0.000111
  V+1%  LLY= 12.2%  JPM= 11.2%  V= 10.5%  UNH=  8.4%  XOM=  7.4%  MA=  7.0%  COST=  6.5%  HD=  6.0%  PG=  5.5%  NFLX= 25.3%  util=0.409445  Δ=-0.000886
  UNH+1%  LLY= 12.2%  JPM= 11.2%  V=  9.3%  UNH=  9.5%  XOM=  7.4%  MA=  7.0%  COST=  6.5%  HD=  6.0%  PG=  5.5%  NFLX= 25.3%  util=0.409762  Δ=-0.000570
  XOM+1%  LLY= 12.2%  JPM= 11.2%  V=  9.3%  UNH=  8.4%  XOM=  8.5%  MA=  7.0%  COST=  6.5%  HD=  6.0%  PG=  5.5%  NFLX= 25.3%  util=0.409938  Δ=-0.000393
  MA+1%  LLY= 12.2%  JPM= 11.2%  V=  9.3%  UNH=  8.4%  XOM=  7.4%  MA=  8.1%  COST=  6.5%  HD=  6.0%  PG=  5.5%  NFLX= 25.3%  util=0.409885  Δ=-0.000447
  COST+1%  LLY= 12.2%  JPM= 11.2%  V=  9.3%  UNH=  8.4%  XOM=  7.4%  MA=  7.0%  COST=  7.6%  HD=  6.0%  PG=  5.5%  NFLX= 25.3%  util=0.410546  Δ=+0.000214
  HD+1%  LLY= 12.2%  JPM= 11.2%  V=  9.3%  UNH=  8.4%  XOM=  7.4%  MA=  7.0%  COST=  6.5%  HD=  7.1%  PG=  5.5%  NFLX= 25.3%  util=0.409261  Δ=-0.001071
  PG+1%  LLY= 12.2%  JPM= 11.2%  V=  9.3%  UNH=  8.4%  XOM=  7.4%  MA=  7.0%  COST=  6.5%  HD=  6.0%  PG=  6.6%  NFLX= 25.3%  util=0.408701  Δ=-0.001631
  NFLX+1%  LLY= 12.2%  JPM= 11.2%  V=  9.3%  UNH=  8.4%  XOM=  7.4%  MA=  7.0%  COST=  6.5%  HD=  6.0%  PG=  5.5%  NFLX= 26.4%  util=0.412695  Δ=+0.002363
  ★ WINNER: NFLX  improvement=+0.002363
────────────────────────────────────────────────────────────────────────
Epoch 19  [startUtility=0.412695  feasible=10]
  LLY+1%  LLY= 13.2%  JPM= 11.1%  V=  9.2%  UNH=  8.3%  XOM=  7.3%  MA=  6.8%  COST=  6.4%  HD=  5.9%  PG=  5.4%  NFLX= 26.3%  util=0.415005  Δ=+0.002311
  JPM+1%  LLY= 12.1%  JPM= 12.2%  V=  9.2%  UNH=  8.3%  XOM=  7.3%  MA=  6.8%  COST=  6.4%  HD=  5.9%  PG=  5.4%  NFLX= 26.3%  util=0.412813  Δ=+0.000118
  V+1%  LLY= 12.1%  JPM= 11.1%  V= 10.3%  UNH=  8.3%  XOM=  7.3%  MA=  6.8%  COST=  6.4%  HD=  5.9%  PG=  5.4%  NFLX= 26.3%  util=0.411806  Δ=-0.000889
  UNH+1%  LLY= 12.1%  JPM= 11.1%  V=  9.2%  UNH=  9.4%  XOM=  7.3%  MA=  6.8%  COST=  6.4%  HD=  5.9%  PG=  5.4%  NFLX= 26.3%  util=0.412133  Δ=-0.000561
  XOM+1%  LLY= 12.1%  JPM= 11.1%  V=  9.2%  UNH=  8.3%  XOM=  8.4%  MA=  6.8%  COST=  6.4%  HD=  5.9%  PG=  5.4%  NFLX= 26.3%  util=0.412276  Δ=-0.000418
  MA+1%  LLY= 12.1%  JPM= 11.1%  V=  9.2%  UNH=  8.3%  XOM=  7.3%  MA=  8.0%  COST=  6.4%  HD=  5.9%  PG=  5.4%  NFLX= 26.3%  util=0.412248  Δ=-0.000447
  COST+1%  LLY= 12.1%  JPM= 11.1%  V=  9.2%  UNH=  8.3%  XOM=  7.3%  MA=  6.8%  COST=  7.5%  HD=  5.9%  PG=  5.4%  NFLX= 26.3%  util=0.412937  Δ=+0.000242
  HD+1%  LLY= 12.1%  JPM= 11.1%  V=  9.2%  UNH=  8.3%  XOM=  7.3%  MA=  6.8%  COST=  6.4%  HD=  7.0%  PG=  5.4%  NFLX= 26.3%  util=0.411636  Δ=-0.001059
  PG+1%  LLY= 12.1%  JPM= 11.1%  V=  9.2%  UNH=  8.3%  XOM=  7.3%  MA=  6.8%  COST=  6.4%  HD=  5.9%  PG=  6.5%  NFLX= 26.3%  util=0.411058  Δ=-0.001637
  NFLX+1%  LLY= 12.1%  JPM= 11.1%  V=  9.2%  UNH=  8.3%  XOM=  7.3%  MA=  6.8%  COST=  6.4%  HD=  5.9%  PG=  5.4%  NFLX= 27.4%  util=0.415042  Δ=+0.002347
  ★ WINNER: NFLX  improvement=+0.002347
────────────────────────────────────────────────────────────────────────
Epoch 20  [startUtility=0.415042  feasible=10]
  LLY+1%  LLY= 13.1%  JPM= 11.0%  V=  9.1%  UNH=  8.2%  XOM=  7.2%  MA=  6.7%  COST=  6.3%  HD=  5.8%  PG=  5.3%  NFLX= 27.3%  util=0.417323  Δ=+0.002281
  JPM+1%  LLY= 12.0%  JPM= 12.1%  V=  9.1%  UNH=  8.2%  XOM=  7.2%  MA=  6.7%  COST=  6.3%  HD=  5.8%  PG=  5.3%  NFLX= 27.3%  util=0.415162  Δ=+0.000120
  V+1%  LLY= 12.0%  JPM= 11.0%  V= 10.2%  UNH=  8.2%  XOM=  7.2%  MA=  6.7%  COST=  6.3%  HD=  5.8%  PG=  5.3%  NFLX= 27.3%  util=0.414150  Δ=-0.000892
  UNH+1%  LLY= 12.0%  JPM= 11.0%  V=  9.1%  UNH=  9.3%  XOM=  7.2%  MA=  6.7%  COST=  6.3%  HD=  5.8%  PG=  5.3%  NFLX= 27.3%  util=0.414480  Δ=-0.000562
  XOM+1%  LLY= 12.0%  JPM= 11.0%  V=  9.1%  UNH=  8.2%  XOM=  8.3%  MA=  6.7%  COST=  6.3%  HD=  5.8%  PG=  5.3%  NFLX= 27.3%  util=0.414568  Δ=-0.000474
  MA+1%  LLY= 12.0%  JPM= 11.0%  V=  9.1%  UNH=  8.2%  XOM=  7.2%  MA=  7.8%  COST=  6.3%  HD=  5.8%  PG=  5.3%  NFLX= 27.3%  util=0.414601  Δ=-0.000441
  COST+1%  LLY= 12.0%  JPM= 11.0%  V=  9.1%  UNH=  8.2%  XOM=  7.2%  MA=  6.7%  COST=  7.4%  HD=  5.8%  PG=  5.3%  NFLX= 27.3%  util=0.415272  Δ=+0.000230
  HD+1%  LLY= 12.0%  JPM= 11.0%  V=  9.1%  UNH=  8.2%  XOM=  7.2%  MA=  6.7%  COST=  6.3%  HD=  6.9%  PG=  5.3%  NFLX= 27.3%  util=0.413990  Δ=-0.001052
  PG+1%  LLY= 12.0%  JPM= 11.0%  V=  9.1%  UNH=  8.2%  XOM=  7.2%  MA=  6.7%  COST=  6.3%  HD=  5.8%  PG=  6.4%  NFLX= 27.3%  util=0.413413  Δ=-0.001629
  NFLX+1%  LLY= 12.0%  JPM= 11.0%  V=  9.1%  UNH=  8.2%  XOM=  7.2%  MA=  6.7%  COST=  6.3%  HD=  5.8%  PG=  5.3%  NFLX= 28.4%  util=0.417311  Δ=+0.002269
  ★ WINNER: LLY  improvement=+0.002281
────────────────────────────────────────────────────────────────────────
Epoch 21  [startUtility=0.417323  feasible=10]
  LLY+1%  LLY= 14.1%  JPM= 10.9%  V=  9.0%  UNH=  8.1%  XOM=  7.1%  MA=  6.6%  COST=  6.1%  HD=  5.7%  PG=  5.2%  NFLX= 27.2%  util=0.419570  Δ=+0.002247
  JPM+1%  LLY= 13.0%  JPM= 12.0%  V=  9.0%  UNH=  8.1%  XOM=  7.1%  MA=  6.6%  COST=  6.1%  HD=  5.7%  PG=  5.2%  NFLX= 27.2%  util=0.417457  Δ=+0.000134
  V+1%  LLY= 13.0%  JPM= 10.9%  V= 10.1%  UNH=  8.1%  XOM=  7.1%  MA=  6.6%  COST=  6.1%  HD=  5.7%  PG=  5.2%  NFLX= 27.2%  util=0.416444  Δ=-0.000879
  UNH+1%  LLY= 13.0%  JPM= 10.9%  V=  9.0%  UNH=  9.2%  XOM=  7.1%  MA=  6.6%  COST=  6.1%  HD=  5.7%  PG=  5.2%  NFLX= 27.2%  util=0.416757  Δ=-0.000566
  XOM+1%  LLY= 13.0%  JPM= 10.9%  V=  9.0%  UNH=  8.1%  XOM=  8.2%  MA=  6.6%  COST=  6.1%  HD=  5.7%  PG=  5.2%  NFLX= 27.2%  util=0.416874  Δ=-0.000449
  MA+1%  LLY= 13.0%  JPM= 10.9%  V=  9.0%  UNH=  8.1%  XOM=  7.1%  MA=  7.7%  COST=  6.1%  HD=  5.7%  PG=  5.2%  NFLX= 27.2%  util=0.416895  Δ=-0.000428
  COST+1%  LLY= 13.0%  JPM= 10.9%  V=  9.0%  UNH=  8.1%  XOM=  7.1%  MA=  6.6%  COST=  7.3%  HD=  5.7%  PG=  5.2%  NFLX= 27.2%  util=0.417563  Δ=+0.000240
  HD+1%  LLY= 13.0%  JPM= 10.9%  V=  9.0%  UNH=  8.1%  XOM=  7.1%  MA=  6.6%  COST=  6.1%  HD=  6.8%  PG=  5.2%  NFLX= 27.2%  util=0.416274  Δ=-0.001049
  PG+1%  LLY= 13.0%  JPM= 10.9%  V=  9.0%  UNH=  8.1%  XOM=  7.1%  MA=  6.6%  COST=  6.1%  HD=  5.7%  PG=  6.3%  NFLX= 27.2%  util=0.415698  Δ=-0.001625
  NFLX+1%  LLY= 13.0%  JPM= 10.9%  V=  9.0%  UNH=  8.1%  XOM=  7.1%  MA=  6.6%  COST=  6.1%  HD=  5.7%  PG=  5.2%  NFLX= 28.3%  util=0.419611  Δ=+0.002288
  ★ WINNER: NFLX  improvement=+0.002288
────────────────────────────────────────────────────────────────────────
Epoch 22  [startUtility=0.419611  feasible=10]
  LLY+1%  LLY= 14.0%  JPM= 10.8%  V=  8.9%  UNH=  7.9%  XOM=  7.0%  MA=  6.5%  COST=  6.0%  HD=  5.6%  PG=  5.1%  NFLX= 28.2%  util=0.421863  Δ=+0.002252
  JPM+1%  LLY= 12.9%  JPM= 11.9%  V=  8.9%  UNH=  7.9%  XOM=  7.0%  MA=  6.5%  COST=  6.0%  HD=  5.6%  PG=  5.1%  NFLX= 28.2%  util=0.419749  Δ=+0.000138
  V+1%  LLY= 12.9%  JPM= 10.8%  V= 10.0%  UNH=  7.9%  XOM=  7.0%  MA=  6.5%  COST=  6.0%  HD=  5.6%  PG=  5.1%  NFLX= 28.2%  util=0.418724  Δ=-0.000887
  UNH+1%  LLY= 12.9%  JPM= 10.8%  V=  8.9%  UNH=  9.1%  XOM=  7.0%  MA=  6.5%  COST=  6.0%  HD=  5.6%  PG=  5.1%  NFLX= 28.2%  util=0.419061  Δ=-0.000550
  XOM+1%  LLY= 12.9%  JPM= 10.8%  V=  8.9%  UNH=  7.9%  XOM=  8.1%  MA=  6.5%  COST=  6.0%  HD=  5.6%  PG=  5.1%  NFLX= 28.2%  util=0.419144  Δ=-0.000467
  MA+1%  LLY= 12.9%  JPM= 10.8%  V=  8.9%  UNH=  7.9%  XOM=  7.0%  MA=  7.6%  COST=  6.0%  HD=  5.6%  PG=  5.1%  NFLX= 28.2%  util=0.419184  Δ=-0.000427
  COST+1%  LLY= 12.9%  JPM= 10.8%  V=  8.9%  UNH=  7.9%  XOM=  7.0%  MA=  6.5%  COST=  7.1%  HD=  5.6%  PG=  5.1%  NFLX= 28.2%  util=0.419869  Δ=+0.000258
  HD+1%  LLY= 12.9%  JPM= 10.8%  V=  8.9%  UNH=  7.9%  XOM=  7.0%  MA=  6.5%  COST=  6.0%  HD=  6.7%  PG=  5.1%  NFLX= 28.2%  util=0.418591  Δ=-0.001020
  PG+1%  LLY= 12.9%  JPM= 10.8%  V=  8.9%  UNH=  7.9%  XOM=  7.0%  MA=  6.5%  COST=  6.0%  HD=  5.6%  PG=  6.2%  NFLX= 28.2%  util=0.417997  Δ=-0.001613
  NFLX+1%  LLY= 12.9%  JPM= 10.8%  V=  8.9%  UNH=  7.9%  XOM=  7.0%  MA=  6.5%  COST=  6.0%  HD=  5.6%  PG=  5.1%  NFLX= 29.3%  util=0.421828  Δ=+0.002217
  ★ WINNER: LLY  improvement=+0.002252
────────────────────────────────────────────────────────────────────────
Epoch 23  [startUtility=0.421863  feasible=10]
  LLY+1%  LLY= 15.0%  JPM= 10.7%  V=  8.8%  UNH=  7.8%  XOM=  6.9%  MA=  6.4%  COST=  5.9%  HD=  5.4%  PG=  5.0%  NFLX= 28.1%  util=0.424094  Δ=+0.002231
  JPM+1%  LLY= 13.9%  JPM= 11.8%  V=  8.8%  UNH=  7.8%  XOM=  6.9%  MA=  6.4%  COST=  5.9%  HD=  5.4%  PG=  5.0%  NFLX= 28.1%  util=0.422019  Δ=+0.000156
  V+1%  LLY= 13.9%  JPM= 10.7%  V=  9.9%  UNH=  7.8%  XOM=  6.9%  MA=  6.4%  COST=  5.9%  HD=  5.4%  PG=  5.0%  NFLX= 28.1%  util=0.420975  Δ=-0.000888
  UNH+1%  LLY= 13.9%  JPM= 10.7%  V=  8.8%  UNH=  8.9%  XOM=  6.9%  MA=  6.4%  COST=  5.9%  HD=  5.4%  PG=  5.0%  NFLX= 28.1%  util=0.421310  Δ=-0.000553
