=== OPTIMIZATION DEBUG: bh_debug_10_equity_equal ===
Time:   Wed Apr 01 14:43:18 EDT 2026
Start:  VTI= 45.0%  VXUS= 45.0%  BND= 10.0%
        utility = 0.073594

────────────────────────────────────────────────────────────────────────
Epoch 0  [startUtility=0.073594  feasible=3]
  VTI+1%  VTI= 46.0%  VXUS= 44.5%  BND=  9.5%  util=0.074690  Δ=+0.001096
  VXUS+1%  VTI= 44.5%  VXUS= 46.0%  BND=  9.5%  util=0.073500  Δ=-0.000093
  BND+1%  VTI= 44.5%  VXUS= 44.5%  BND= 11.0%  util=0.072589  Δ=-0.001005
  ★ WINNER: VTI  improvement=+0.001096
────────────────────────────────────────────────────────────────────────
Epoch 1  [startUtility=0.074690  feasible=3]
  VTI+1%  VTI= 47.0%  VXUS= 44.0%  BND=  9.0%  util=0.075776  Δ=+0.001087
  VXUS+1%  VTI= 45.5%  VXUS= 45.5%  BND=  9.0%  util=0.074597  Δ=-0.000093
  BND+1%  VTI= 45.5%  VXUS= 44.0%  BND= 10.5%  util=0.073684  Δ=-0.001005
  ★ WINNER: VTI  improvement=+0.001087
────────────────────────────────────────────────────────────────────────
Epoch 2  [startUtility=0.075776  feasible=3]
  VTI+1%  VTI= 48.0%  VXUS= 43.5%  BND=  8.5%  util=0.076868  Δ=+0.001091
  VXUS+1%  VTI= 46.5%  VXUS= 45.0%  BND=  8.5%  util=0.075692  Δ=-0.000084
  BND+1%  VTI= 46.5%  VXUS= 43.5%  BND= 10.0%  util=0.074772  Δ=-0.001005
  ★ WINNER: VTI  improvement=+0.001091
────────────────────────────────────────────────────────────────────────
Epoch 3  [startUtility=0.076868  feasible=3]
  VTI+1%  VTI= 49.0%  VXUS= 43.0%  BND=  8.0%  util=0.077945  Δ=+0.001077
  VXUS+1%  VTI= 47.5%  VXUS= 44.5%  BND=  8.0%  util=0.076782  Δ=-0.000086
  BND+1%  VTI= 47.5%  VXUS= 43.0%  BND=  9.5%  util=0.075860  Δ=-0.001007
  ★ WINNER: VTI  improvement=+0.001077
────────────────────────────────────────────────────────────────────────
Epoch 4  [startUtility=0.077945  feasible=3]
  VTI+1%  VTI= 50.0%  VXUS= 42.5%  BND=  7.5%  util=0.079023  Δ=+0.001078
  VXUS+1%  VTI= 48.5%  VXUS= 44.0%  BND=  7.5%  util=0.077872  Δ=-0.000073
  BND+1%  VTI= 48.5%  VXUS= 42.5%  BND=  9.0%  util=0.076940  Δ=-0.001005
  ★ WINNER: VTI  improvement=+0.001078
────────────────────────────────────────────────────────────────────────
Epoch 5  [startUtility=0.079023  feasible=3]
  VTI+1%  VTI= 51.0%  VXUS= 42.0%  BND=  7.0%  util=0.080103  Δ=+0.001080
  VXUS+1%  VTI= 49.5%  VXUS= 43.5%  BND=  7.0%  util=0.078949  Δ=-0.000074
  BND+1%  VTI= 49.5%  VXUS= 42.0%  BND=  8.5%  util=0.078017  Δ=-0.001006
  ★ WINNER: VTI  improvement=+0.001080
────────────────────────────────────────────────────────────────────────
Epoch 6  [startUtility=0.080103  feasible=3]
  VTI+1%  VTI= 52.0%  VXUS= 41.5%  BND=  6.5%  util=0.081164  Δ=+0.001061
  VXUS+1%  VTI= 50.5%  VXUS= 43.0%  BND=  6.5%  util=0.080030  Δ=-0.000074
  BND+1%  VTI= 50.5%  VXUS= 41.5%  BND=  8.0%  util=0.079100  Δ=-0.001004
  ★ WINNER: VTI  improvement=+0.001061
────────────────────────────────────────────────────────────────────────
Epoch 7  [startUtility=0.081164  feasible=3]
  VTI+1%  VTI= 53.0%  VXUS= 41.0%  BND=  6.0%  util=0.082198  Δ=+0.001034
  VXUS+1%  VTI= 51.5%  VXUS= 42.5%  BND=  6.0%  util=0.081107  Δ=-0.000057
  BND+1%  VTI= 51.5%  VXUS= 41.0%  BND=  7.5%  util=0.080167  Δ=-0.000997
  ★ WINNER: VTI  improvement=+0.001034
────────────────────────────────────────────────────────────────────────
Epoch 8  [startUtility=0.082198  feasible=3]
  VTI+1%  VTI= 54.0%  VXUS= 40.5%  BND=  5.5%  util=0.083222  Δ=+0.001024
  VXUS+1%  VTI= 52.5%  VXUS= 42.0%  BND=  5.5%  util=0.082160  Δ=-0.000038
  BND+1%  VTI= 52.5%  VXUS= 40.5%  BND=  7.0%  util=0.081205  Δ=-0.000993
  ★ WINNER: VTI  improvement=+0.001024
────────────────────────────────────────────────────────────────────────
Epoch 9  [startUtility=0.083222  feasible=3]
  VTI+1%  VTI= 55.0%  VXUS= 40.0%  BND=  5.0%  util=0.084246  Δ=+0.001024
  VXUS+1%  VTI= 53.5%  VXUS= 41.5%  BND=  5.0%  util=0.083189  Δ=-0.000033
  BND+1%  VTI= 53.5%  VXUS= 40.0%  BND=  6.5%  util=0.082225  Δ=-0.000997
  ★ WINNER: VTI  improvement=+0.001024
────────────────────────────────────────────────────────────────────────
Epoch 10  [startUtility=0.084246  feasible=3]
  VTI+1%  VTI= 56.0%  VXUS= 39.5%  BND=  4.5%  util=0.085260  Δ=+0.001014
  VXUS+1%  VTI= 54.5%  VXUS= 41.0%  BND=  4.5%  util=0.084227  Δ=-0.000019
  BND+1%  VTI= 54.5%  VXUS= 39.5%  BND=  6.0%  util=0.083240  Δ=-0.001006
  ★ WINNER: VTI  improvement=+0.001014
────────────────────────────────────────────────────────────────────────
Epoch 11  [startUtility=0.085260  feasible=3]
  VTI+1%  VTI= 57.0%  VXUS= 39.0%  BND=  4.0%  util=0.086259  Δ=+0.000999
  VXUS+1%  VTI= 55.5%  VXUS= 40.5%  BND=  4.0%  util=0.085251  Δ=-0.000009
  BND+1%  VTI= 55.5%  VXUS= 39.0%  BND=  5.5%  util=0.084255  Δ=-0.001005
  ★ WINNER: VTI  improvement=+0.000999
────────────────────────────────────────────────────────────────────────
Epoch 12  [startUtility=0.086259  feasible=3]
  VTI+1%  VTI= 58.0%  VXUS= 38.5%  BND=  3.5%  util=0.087231  Δ=+0.000972
  VXUS+1%  VTI= 56.5%  VXUS= 40.0%  BND=  3.5%  util=0.086264  Δ=+0.000006
  BND+1%  VTI= 56.5%  VXUS= 38.5%  BND=  5.0%  util=0.085260  Δ=-0.000998
  ★ WINNER: VTI  improvement=+0.000972
────────────────────────────────────────────────────────────────────────
Epoch 13  [startUtility=0.087231  feasible=3]
  VTI+1%  VTI= 59.0%  VXUS= 38.0%  BND=  3.0%  util=0.088199  Δ=+0.000968
  VXUS+1%  VTI= 57.5%  VXUS= 39.5%  BND=  3.0%  util=0.087254  Δ=+0.000023
  BND+1%  VTI= 57.5%  VXUS= 38.0%  BND=  4.5%  util=0.086233  Δ=-0.000998
  ★ WINNER: VTI  improvement=+0.000968
────────────────────────────────────────────────────────────────────────
Epoch 14  [startUtility=0.088199  feasible=3]
  VTI+1%  VTI= 60.0%  VXUS= 37.5%  BND=  2.5%  util=0.089154  Δ=+0.000954
  VXUS+1%  VTI= 58.5%  VXUS= 39.0%  BND=  2.5%  util=0.088229  Δ=+0.000030
  BND+1%  VTI= 58.5%  VXUS= 37.5%  BND=  4.0%  util=0.087202  Δ=-0.000998
  ★ WINNER: VTI  improvement=+0.000954
────────────────────────────────────────────────────────────────────────
Epoch 15  [startUtility=0.089154  feasible=3]
  VTI+1%  VTI= 61.0%  VXUS= 37.0%  BND=  2.0%  util=0.090100  Δ=+0.000946
  VXUS+1%  VTI= 59.5%  VXUS= 38.5%  BND=  2.0%  util=0.089194  Δ=+0.000040
  BND+1%  VTI= 59.5%  VXUS= 37.0%  BND=  3.5%  util=0.088160  Δ=-0.000994
  ★ WINNER: VTI  improvement=+0.000946
────────────────────────────────────────────────────────────────────────
Epoch 16  [startUtility=0.090100  feasible=3]
  VTI+1%  VTI= 62.0%  VXUS= 36.5%  BND=  1.5%  util=0.091034  Δ=+0.000935
  VXUS+1%  VTI= 60.5%  VXUS= 38.0%  BND=  1.5%  util=0.090147  Δ=+0.000048
  BND+1%  VTI= 60.5%  VXUS= 36.5%  BND=  3.0%  util=0.089109  Δ=-0.000991
  ★ WINNER: VTI  improvement=+0.000935
────────────────────────────────────────────────────────────────────────
Epoch 17  [startUtility=0.091034  feasible=3]
  VTI+1%  VTI= 63.0%  VXUS= 36.0%  BND=  1.0%  util=0.091949  Δ=+0.000915
  VXUS+1%  VTI= 61.5%  VXUS= 37.5%  BND=  1.0%  util=0.091090  Δ=+0.000055
  BND+1%  VTI= 61.5%  VXUS= 36.0%  BND=  2.5%  util=0.090044  Δ=-0.000991
  ★ WINNER: VTI  improvement=+0.000915
────────────────────────────────────────────────────────────────────────
Epoch 18  [startUtility=0.091949  feasible=3]
  VTI+1%  VTI= 64.0%  VXUS= 35.5%  BND=  0.5%  util=0.092834  Δ=+0.000885
  VXUS+1%  VTI= 62.5%  VXUS= 37.0%  BND=  0.5%  util=0.092023  Δ=+0.000073
  BND+1%  VTI= 62.5%  VXUS= 35.5%  BND=  2.0%  util=0.090962  Δ=-0.000987
  ★ WINNER: VTI  improvement=+0.000885
────────────────────────────────────────────────────────────────────────
Epoch 19  [startUtility=0.092834  feasible=1]
  BND+1%  VTI= 63.5%  VXUS= 35.0%  BND=  1.5%  util=0.091849  Δ=-0.000985
  ✗ STOPPED: no_improvement
────────────────────────────────────────────────────────────────────────
FINAL: utility=0.092834  (gain=+0.019241  epochs=20)
