=== OPTIMIZATION DEBUG: diverse ===
Time:   Wed Apr 01 15:03:19 EDT 2026
Start:  USO= 10.0%  GLD= 10.0%  MUB= 10.0%  VCLT= 10.0%  LQD= 10.0%  IGLB= 10.0%  XOM= 10.0%  SPY= 10.0%  QQQ= 10.0%  VXUS= 10.0%
        utility = 0.152050

────────────────────────────────────────────────────────────────────────
Epoch 0  [startUtility=0.152050  feasible=10]
  USO+1%  USO= 11.0%  GLD=  9.9%  MUB=  9.9%  VCLT=  9.9%  LQD=  9.9%  IGLB=  9.9%  XOM=  9.9%  SPY=  9.9%  QQQ=  9.9%  VXUS=  9.9%  util=0.153436  Δ=+0.001386
  GLD+1%  USO=  9.9%  GLD= 11.0%  MUB=  9.9%  VCLT=  9.9%  LQD=  9.9%  IGLB=  9.9%  XOM=  9.9%  SPY=  9.9%  QQQ=  9.9%  VXUS=  9.9%  util=0.154200  Δ=+0.002150
  MUB+1%  USO=  9.9%  GLD=  9.9%  MUB= 11.0%  VCLT=  9.9%  LQD=  9.9%  IGLB=  9.9%  XOM=  9.9%  SPY=  9.9%  QQQ=  9.9%  VXUS=  9.9%  util=0.150472  Δ=-0.001577
  VCLT+1%  USO=  9.9%  GLD=  9.9%  MUB=  9.9%  VCLT= 11.0%  LQD=  9.9%  IGLB=  9.9%  XOM=  9.9%  SPY=  9.9%  QQQ=  9.9%  VXUS=  9.9%  util=0.150160  Δ=-0.001890
  LQD+1%  USO=  9.9%  GLD=  9.9%  MUB=  9.9%  VCLT=  9.9%  LQD= 11.0%  IGLB=  9.9%  XOM=  9.9%  SPY=  9.9%  QQQ=  9.9%  VXUS=  9.9%  util=0.150426  Δ=-0.001624
  IGLB+1%  USO=  9.9%  GLD=  9.9%  MUB=  9.9%  VCLT=  9.9%  LQD=  9.9%  IGLB= 11.0%  XOM=  9.9%  SPY=  9.9%  QQQ=  9.9%  VXUS=  9.9%  util=0.150174  Δ=-0.001876
  XOM+1%  USO=  9.9%  GLD=  9.9%  MUB=  9.9%  VCLT=  9.9%  LQD=  9.9%  IGLB=  9.9%  XOM= 11.0%  SPY=  9.9%  QQQ=  9.9%  VXUS=  9.9%  util=0.154583  Δ=+0.002534
  SPY+1%  USO=  9.9%  GLD=  9.9%  MUB=  9.9%  VCLT=  9.9%  LQD=  9.9%  IGLB=  9.9%  XOM=  9.9%  SPY= 11.0%  QQQ=  9.9%  VXUS=  9.9%  util=0.152314  Δ=+0.000264
  QQQ+1%  USO=  9.9%  GLD=  9.9%  MUB=  9.9%  VCLT=  9.9%  LQD=  9.9%  IGLB=  9.9%  XOM=  9.9%  SPY=  9.9%  QQQ= 11.0%  VXUS=  9.9%  util=0.153166  Δ=+0.001117
  VXUS+1%  USO=  9.9%  GLD=  9.9%  MUB=  9.9%  VCLT=  9.9%  LQD=  9.9%  IGLB=  9.9%  XOM=  9.9%  SPY=  9.9%  QQQ=  9.9%  VXUS= 11.0%  util=0.151375  Δ=-0.000674
  ★ WINNER: XOM  improvement=+0.002534
────────────────────────────────────────────────────────────────────────
Epoch 1  [startUtility=0.154583  feasible=10]
  USO+1%  USO= 10.9%  GLD=  9.8%  MUB=  9.8%  VCLT=  9.8%  LQD=  9.8%  IGLB=  9.8%  XOM= 10.9%  SPY=  9.8%  QQQ=  9.8%  VXUS=  9.8%  util=0.155864  Δ=+0.001281
  GLD+1%  USO=  9.8%  GLD= 10.9%  MUB=  9.8%  VCLT=  9.8%  LQD=  9.8%  IGLB=  9.8%  XOM= 10.9%  SPY=  9.8%  QQQ=  9.8%  VXUS=  9.8%  util=0.156744  Δ=+0.002161
  MUB+1%  USO=  9.8%  GLD=  9.8%  MUB= 10.9%  VCLT=  9.8%  LQD=  9.8%  IGLB=  9.8%  XOM= 10.9%  SPY=  9.8%  QQQ=  9.8%  VXUS=  9.8%  util=0.153014  Δ=-0.001569
  VCLT+1%  USO=  9.8%  GLD=  9.8%  MUB=  9.8%  VCLT= 10.9%  LQD=  9.8%  IGLB=  9.8%  XOM= 10.9%  SPY=  9.8%  QQQ=  9.8%  VXUS=  9.8%  util=0.152709  Δ=-0.001874
  LQD+1%  USO=  9.8%  GLD=  9.8%  MUB=  9.8%  VCLT=  9.8%  LQD= 10.9%  IGLB=  9.8%  XOM= 10.9%  SPY=  9.8%  QQQ=  9.8%  VXUS=  9.8%  util=0.152970  Δ=-0.001613
  IGLB+1%  USO=  9.8%  GLD=  9.8%  MUB=  9.8%  VCLT=  9.8%  LQD=  9.8%  IGLB= 10.9%  XOM= 10.9%  SPY=  9.8%  QQQ=  9.8%  VXUS=  9.8%  util=0.152722  Δ=-0.001861
  XOM+1%  USO=  9.8%  GLD=  9.8%  MUB=  9.8%  VCLT=  9.8%  LQD=  9.8%  IGLB=  9.8%  XOM= 12.0%  SPY=  9.8%  QQQ=  9.8%  VXUS=  9.8%  util=0.156934  Δ=+0.002351
  SPY+1%  USO=  9.8%  GLD=  9.8%  MUB=  9.8%  VCLT=  9.8%  LQD=  9.8%  IGLB=  9.8%  XOM= 10.9%  SPY= 10.9%  QQQ=  9.8%  VXUS=  9.8%  util=0.154875  Δ=+0.000292
  QQQ+1%  USO=  9.8%  GLD=  9.8%  MUB=  9.8%  VCLT=  9.8%  LQD=  9.8%  IGLB=  9.8%  XOM= 10.9%  SPY=  9.8%  QQQ= 10.9%  VXUS=  9.8%  util=0.155748  Δ=+0.001164
  VXUS+1%  USO=  9.8%  GLD=  9.8%  MUB=  9.8%  VCLT=  9.8%  LQD=  9.8%  IGLB=  9.8%  XOM= 10.9%  SPY=  9.8%  QQQ=  9.8%  VXUS= 10.9%  util=0.153929  Δ=-0.000655
  ★ WINNER: XOM  improvement=+0.002351
────────────────────────────────────────────────────────────────────────
Epoch 2  [startUtility=0.156934  feasible=10]
  USO+1%  USO= 10.8%  GLD=  9.7%  MUB=  9.7%  VCLT=  9.7%  LQD=  9.7%  IGLB=  9.7%  XOM= 11.9%  SPY=  9.7%  QQQ=  9.7%  VXUS=  9.7%  util=0.158153  Δ=+0.001218
  GLD+1%  USO=  9.7%  GLD= 10.8%  MUB=  9.7%  VCLT=  9.7%  LQD=  9.7%  IGLB=  9.7%  XOM= 11.9%  SPY=  9.7%  QQQ=  9.7%  VXUS=  9.7%  util=0.159113  Δ=+0.002179
  MUB+1%  USO=  9.7%  GLD=  9.7%  MUB= 10.8%  VCLT=  9.7%  LQD=  9.7%  IGLB=  9.7%  XOM= 11.9%  SPY=  9.7%  QQQ=  9.7%  VXUS=  9.7%  util=0.155380  Δ=-0.001554
  VCLT+1%  USO=  9.7%  GLD=  9.7%  MUB=  9.7%  VCLT= 10.8%  LQD=  9.7%  IGLB=  9.7%  XOM= 11.9%  SPY=  9.7%  QQQ=  9.7%  VXUS=  9.7%  util=0.155110  Δ=-0.001825
  LQD+1%  USO=  9.7%  GLD=  9.7%  MUB=  9.7%  VCLT=  9.7%  LQD= 10.8%  IGLB=  9.7%  XOM= 11.9%  SPY=  9.7%  QQQ=  9.7%  VXUS=  9.7%  util=0.155356  Δ=-0.001578
  IGLB+1%  USO=  9.7%  GLD=  9.7%  MUB=  9.7%  VCLT=  9.7%  LQD=  9.7%  IGLB= 10.8%  XOM= 11.9%  SPY=  9.7%  QQQ=  9.7%  VXUS=  9.7%  util=0.155123  Δ=-0.001811
  XOM+1%  USO=  9.7%  GLD=  9.7%  MUB=  9.7%  VCLT=  9.7%  LQD=  9.7%  IGLB=  9.7%  XOM= 13.0%  SPY=  9.7%  QQQ=  9.7%  VXUS=  9.7%  util=0.159134  Δ=+0.002200
  SPY+1%  USO=  9.7%  GLD=  9.7%  MUB=  9.7%  VCLT=  9.7%  LQD=  9.7%  IGLB=  9.7%  XOM= 11.9%  SPY= 10.8%  QQQ=  9.7%  VXUS=  9.7%  util=0.157261  Δ=+0.000326
  QQQ+1%  USO=  9.7%  GLD=  9.7%  MUB=  9.7%  VCLT=  9.7%  LQD=  9.7%  IGLB=  9.7%  XOM= 11.9%  SPY=  9.7%  QQQ= 10.8%  VXUS=  9.7%  util=0.158200  Δ=+0.001266
  VXUS+1%  USO=  9.7%  GLD=  9.7%  MUB=  9.7%  VCLT=  9.7%  LQD=  9.7%  IGLB=  9.7%  XOM= 11.9%  SPY=  9.7%  QQQ=  9.7%  VXUS= 10.8%  util=0.156304  Δ=-0.000630
  ★ WINNER: XOM  improvement=+0.002200
────────────────────────────────────────────────────────────────────────
Epoch 3  [startUtility=0.159134  feasible=10]
  USO+1%  USO= 10.7%  GLD=  9.6%  MUB=  9.6%  VCLT=  9.6%  LQD=  9.6%  IGLB=  9.6%  XOM= 12.9%  SPY=  9.6%  QQQ=  9.6%  VXUS=  9.6%  util=0.160318  Δ=+0.001184
  GLD+1%  USO=  9.6%  GLD= 10.7%  MUB=  9.6%  VCLT=  9.6%  LQD=  9.6%  IGLB=  9.6%  XOM= 12.9%  SPY=  9.6%  QQQ=  9.6%  VXUS=  9.6%  util=0.161314  Δ=+0.002179
  MUB+1%  USO=  9.6%  GLD=  9.6%  MUB= 10.7%  VCLT=  9.6%  LQD=  9.6%  IGLB=  9.6%  XOM= 12.9%  SPY=  9.6%  QQQ=  9.6%  VXUS=  9.6%  util=0.157597  Δ=-0.001537
  VCLT+1%  USO=  9.6%  GLD=  9.6%  MUB=  9.6%  VCLT= 10.7%  LQD=  9.6%  IGLB=  9.6%  XOM= 12.9%  SPY=  9.6%  QQQ=  9.6%  VXUS=  9.6%  util=0.157352  Δ=-0.001782
  LQD+1%  USO=  9.6%  GLD=  9.6%  MUB=  9.6%  VCLT=  9.6%  LQD= 10.7%  IGLB=  9.6%  XOM= 12.9%  SPY=  9.6%  QQQ=  9.6%  VXUS=  9.6%  util=0.157587  Δ=-0.001548
  IGLB+1%  USO=  9.6%  GLD=  9.6%  MUB=  9.6%  VCLT=  9.6%  LQD=  9.6%  IGLB= 10.7%  XOM= 12.9%  SPY=  9.6%  QQQ=  9.6%  VXUS=  9.6%  util=0.157366  Δ=-0.001769
  XOM+1%  USO=  9.6%  GLD=  9.6%  MUB=  9.6%  VCLT=  9.6%  LQD=  9.6%  IGLB=  9.6%  XOM= 14.0%  SPY=  9.6%  QQQ=  9.6%  VXUS=  9.6%  util=0.161264  Δ=+0.002130
  SPY+1%  USO=  9.6%  GLD=  9.6%  MUB=  9.6%  VCLT=  9.6%  LQD=  9.6%  IGLB=  9.6%  XOM= 12.9%  SPY= 10.7%  QQQ=  9.6%  VXUS=  9.6%  util=0.159491  Δ=+0.000356
  QQQ+1%  USO=  9.6%  GLD=  9.6%  MUB=  9.6%  VCLT=  9.6%  LQD=  9.6%  IGLB=  9.6%  XOM= 12.9%  SPY=  9.6%  QQQ= 10.7%  VXUS=  9.6%  util=0.160473  Δ=+0.001339
  VXUS+1%  USO=  9.6%  GLD=  9.6%  MUB=  9.6%  VCLT=  9.6%  LQD=  9.6%  IGLB=  9.6%  XOM= 12.9%  SPY=  9.6%  QQQ=  9.6%  VXUS= 10.7%  util=0.158538  Δ=-0.000596
  ★ WINNER: GLD  improvement=+0.002179
────────────────────────────────────────────────────────────────────────
Epoch 4  [startUtility=0.161314  feasible=10]
  USO+1%  USO= 10.6%  GLD= 10.6%  MUB=  9.4%  VCLT=  9.4%  LQD=  9.4%  IGLB=  9.4%  XOM= 12.8%  SPY=  9.4%  QQQ=  9.4%  VXUS=  9.4%  util=0.162492  Δ=+0.001179
  GLD+1%  USO=  9.4%  GLD= 11.7%  MUB=  9.4%  VCLT=  9.4%  LQD=  9.4%  IGLB=  9.4%  XOM= 12.8%  SPY=  9.4%  QQQ=  9.4%  VXUS=  9.4%  util=0.163392  Δ=+0.002078
  MUB+1%  USO=  9.4%  GLD= 10.6%  MUB= 10.6%  VCLT=  9.4%  LQD=  9.4%  IGLB=  9.4%  XOM= 12.8%  SPY=  9.4%  QQQ=  9.4%  VXUS=  9.4%  util=0.159777  Δ=-0.001537
  VCLT+1%  USO=  9.4%  GLD= 10.6%  MUB=  9.4%  VCLT= 10.6%  LQD=  9.4%  IGLB=  9.4%  XOM= 12.8%  SPY=  9.4%  QQQ=  9.4%  VXUS=  9.4%  util=0.159529  Δ=-0.001785
  LQD+1%  USO=  9.4%  GLD= 10.6%  MUB=  9.4%  VCLT=  9.4%  LQD= 10.6%  IGLB=  9.4%  XOM= 12.8%  SPY=  9.4%  QQQ=  9.4%  VXUS=  9.4%  util=0.159763  Δ=-0.001551
  IGLB+1%  USO=  9.4%  GLD= 10.6%  MUB=  9.4%  VCLT=  9.4%  LQD=  9.4%  IGLB= 10.6%  XOM= 12.8%  SPY=  9.4%  QQQ=  9.4%  VXUS=  9.4%  util=0.159542  Δ=-0.001771
  XOM+1%  USO=  9.4%  GLD= 10.6%  MUB=  9.4%  VCLT=  9.4%  LQD=  9.4%  IGLB=  9.4%  XOM= 13.9%  SPY=  9.4%  QQQ=  9.4%  VXUS=  9.4%  util=0.163437  Δ=+0.002123
  SPY+1%  USO=  9.4%  GLD= 10.6%  MUB=  9.4%  VCLT=  9.4%  LQD=  9.4%  IGLB=  9.4%  XOM= 12.8%  SPY= 10.6%  QQQ=  9.4%  VXUS=  9.4%  util=0.161667  Δ=+0.000353
  QQQ+1%  USO=  9.4%  GLD= 10.6%  MUB=  9.4%  VCLT=  9.4%  LQD=  9.4%  IGLB=  9.4%  XOM= 12.8%  SPY=  9.4%  QQQ= 10.6%  VXUS=  9.4%  util=0.162653  Δ=+0.001339
  VXUS+1%  USO=  9.4%  GLD= 10.6%  MUB=  9.4%  VCLT=  9.4%  LQD=  9.4%  IGLB=  9.4%  XOM= 12.8%  SPY=  9.4%  QQQ=  9.4%  VXUS= 10.6%  util=0.160722  Δ=-0.000592
  ★ WINNER: XOM  improvement=+0.002123
────────────────────────────────────────────────────────────────────────
Epoch 5  [startUtility=0.163437  feasible=10]
  USO+1%  USO= 10.4%  GLD= 10.4%  MUB=  9.3%  VCLT=  9.3%  LQD=  9.3%  IGLB=  9.3%  XOM= 13.8%  SPY=  9.3%  QQQ=  9.3%  VXUS=  9.3%  util=0.164515  Δ=+0.001078
  GLD+1%  USO=  9.3%  GLD= 11.6%  MUB=  9.3%  VCLT=  9.3%  LQD=  9.3%  IGLB=  9.3%  XOM= 13.8%  SPY=  9.3%  QQQ=  9.3%  VXUS=  9.3%  util=0.165526  Δ=+0.002089
  MUB+1%  USO=  9.3%  GLD= 10.4%  MUB= 10.4%  VCLT=  9.3%  LQD=  9.3%  IGLB=  9.3%  XOM= 13.8%  SPY=  9.3%  QQQ=  9.3%  VXUS=  9.3%  util=0.161908  Δ=-0.001529
  VCLT+1%  USO=  9.3%  GLD= 10.4%  MUB=  9.3%  VCLT= 10.4%  LQD=  9.3%  IGLB=  9.3%  XOM= 13.8%  SPY=  9.3%  QQQ=  9.3%  VXUS=  9.3%  util=0.161681  Δ=-0.001756
  LQD+1%  USO=  9.3%  GLD= 10.4%  MUB=  9.3%  VCLT=  9.3%  LQD= 10.4%  IGLB=  9.3%  XOM= 13.8%  SPY=  9.3%  QQQ=  9.3%  VXUS=  9.3%  util=0.161902  Δ=-0.001535
  IGLB+1%  USO=  9.3%  GLD= 10.4%  MUB=  9.3%  VCLT=  9.3%  LQD=  9.3%  IGLB= 10.4%  XOM= 13.8%  SPY=  9.3%  QQQ=  9.3%  VXUS=  9.3%  util=0.161694  Δ=-0.001743
  XOM+1%  USO=  9.3%  GLD= 10.4%  MUB=  9.3%  VCLT=  9.3%  LQD=  9.3%  IGLB=  9.3%  XOM= 14.9%  SPY=  9.3%  QQQ=  9.3%  VXUS=  9.3%  util=0.165467  Δ=+0.002030
  SPY+1%  USO=  9.3%  GLD= 10.4%  MUB=  9.3%  VCLT=  9.3%  LQD=  9.3%  IGLB=  9.3%  XOM= 13.8%  SPY= 10.4%  QQQ=  9.3%  VXUS=  9.3%  util=0.163802  Δ=+0.000365
  QQQ+1%  USO=  9.3%  GLD= 10.4%  MUB=  9.3%  VCLT=  9.3%  LQD=  9.3%  IGLB=  9.3%  XOM= 13.8%  SPY=  9.3%  QQQ= 10.4%  VXUS=  9.3%  util=0.164803  Δ=+0.001366
  VXUS+1%  USO=  9.3%  GLD= 10.4%  MUB=  9.3%  VCLT=  9.3%  LQD=  9.3%  IGLB=  9.3%  XOM= 13.8%  SPY=  9.3%  QQQ=  9.3%  VXUS= 10.4%  util=0.162851  Δ=-0.000586
  ★ WINNER: GLD  improvement=+0.002089
────────────────────────────────────────────────────────────────────────
Epoch 6  [startUtility=0.165526  feasible=10]
  USO+1%  USO= 10.3%  GLD= 11.4%  MUB=  9.2%  VCLT=  9.2%  LQD=  9.2%  IGLB=  9.2%  XOM= 13.7%  SPY=  9.2%  QQQ=  9.2%  VXUS=  9.2%  util=0.166661  Δ=+0.001135
  GLD+1%  USO=  9.2%  GLD= 12.6%  MUB=  9.2%  VCLT=  9.2%  LQD=  9.2%  IGLB=  9.2%  XOM= 13.7%  SPY=  9.2%  QQQ=  9.2%  VXUS=  9.2%  util=0.167483  Δ=+0.001957
  MUB+1%  USO=  9.2%  GLD= 11.4%  MUB= 10.3%  VCLT=  9.2%  LQD=  9.2%  IGLB=  9.2%  XOM= 13.7%  SPY=  9.2%  QQQ=  9.2%  VXUS=  9.2%  util=0.164004  Δ=-0.001522
  VCLT+1%  USO=  9.2%  GLD= 11.4%  MUB=  9.2%  VCLT= 10.3%  LQD=  9.2%  IGLB=  9.2%  XOM= 13.7%  SPY=  9.2%  QQQ=  9.2%  VXUS=  9.2%  util=0.163777  Δ=-0.001749
  LQD+1%  USO=  9.2%  GLD= 11.4%  MUB=  9.2%  VCLT=  9.2%  LQD= 10.3%  IGLB=  9.2%  XOM= 13.7%  SPY=  9.2%  QQQ=  9.2%  VXUS=  9.2%  util=0.163988  Δ=-0.001538
  IGLB+1%  USO=  9.2%  GLD= 11.4%  MUB=  9.2%  VCLT=  9.2%  LQD=  9.2%  IGLB= 10.3%  XOM= 13.7%  SPY=  9.2%  QQQ=  9.2%  VXUS=  9.2%  util=0.163790  Δ=-0.001736
  XOM+1%  USO=  9.2%  GLD= 11.4%  MUB=  9.2%  VCLT=  9.2%  LQD=  9.2%  IGLB=  9.2%  XOM= 14.8%  SPY=  9.2%  QQQ=  9.2%  VXUS=  9.2%  util=0.167554  Δ=+0.002028
  SPY+1%  USO=  9.2%  GLD= 11.4%  MUB=  9.2%  VCLT=  9.2%  LQD=  9.2%  IGLB=  9.2%  XOM= 13.7%  SPY= 10.3%  QQQ=  9.2%  VXUS=  9.2%  util=0.165928  Δ=+0.000402
  QQQ+1%  USO=  9.2%  GLD= 11.4%  MUB=  9.2%  VCLT=  9.2%  LQD=  9.2%  IGLB=  9.2%  XOM= 13.7%  SPY=  9.2%  QQQ= 10.3%  VXUS=  9.2%  util=0.166937  Δ=+0.001411
  VXUS+1%  USO=  9.2%  GLD= 11.4%  MUB=  9.2%  VCLT=  9.2%  LQD=  9.2%  IGLB=  9.2%  XOM= 13.7%  SPY=  9.2%  QQQ=  9.2%  VXUS= 10.3%  util=0.164902  Δ=-0.000624
  ★ WINNER: XOM  improvement=+0.002028
────────────────────────────────────────────────────────────────────────
Epoch 7  [startUtility=0.167554  feasible=10]
  USO+1%  USO= 10.2%  GLD= 11.3%  MUB=  9.1%  VCLT=  9.1%  LQD=  9.1%  IGLB=  9.1%  XOM= 14.7%  SPY=  9.1%  QQQ=  9.1%  VXUS=  9.1%  util=0.168523  Δ=+0.000969
  GLD+1%  USO=  9.1%  GLD= 12.4%  MUB=  9.1%  VCLT=  9.1%  LQD=  9.1%  IGLB=  9.1%  XOM= 14.7%  SPY=  9.1%  QQQ=  9.1%  VXUS=  9.1%  util=0.169496  Δ=+0.001942
  MUB+1%  USO=  9.1%  GLD= 11.3%  MUB= 10.2%  VCLT=  9.1%  LQD=  9.1%  IGLB=  9.1%  XOM= 14.7%  SPY=  9.1%  QQQ=  9.1%  VXUS=  9.1%  util=0.166050  Δ=-0.001504
  VCLT+1%  USO=  9.1%  GLD= 11.3%  MUB=  9.1%  VCLT= 10.2%  LQD=  9.1%  IGLB=  9.1%  XOM= 14.7%  SPY=  9.1%  QQQ=  9.1%  VXUS=  9.1%  util=0.165828  Δ=-0.001726
  LQD+1%  USO=  9.1%  GLD= 11.3%  MUB=  9.1%  VCLT=  9.1%  LQD= 10.2%  IGLB=  9.1%  XOM= 14.7%  SPY=  9.1%  QQQ=  9.1%  VXUS=  9.1%  util=0.166042  Δ=-0.001512
  IGLB+1%  USO=  9.1%  GLD= 11.3%  MUB=  9.1%  VCLT=  9.1%  LQD=  9.1%  IGLB= 10.2%  XOM= 14.7%  SPY=  9.1%  QQQ=  9.1%  VXUS=  9.1%  util=0.165842  Δ=-0.001713
  XOM+1%  USO=  9.1%  GLD= 11.3%  MUB=  9.1%  VCLT=  9.1%  LQD=  9.1%  IGLB=  9.1%  XOM= 15.8%  SPY=  9.1%  QQQ=  9.1%  VXUS=  9.1%  util=0.169437  Δ=+0.001883
  SPY+1%  USO=  9.1%  GLD= 11.3%  MUB=  9.1%  VCLT=  9.1%  LQD=  9.1%  IGLB=  9.1%  XOM= 14.7%  SPY= 10.2%  QQQ=  9.1%  VXUS=  9.1%  util=0.167984  Δ=+0.000430
  QQQ+1%  USO=  9.1%  GLD= 11.3%  MUB=  9.1%  VCLT=  9.1%  LQD=  9.1%  IGLB=  9.1%  XOM= 14.7%  SPY=  9.1%  QQQ= 10.2%  VXUS=  9.1%  util=0.169006  Δ=+0.001452
  VXUS+1%  USO=  9.1%  GLD= 11.3%  MUB=  9.1%  VCLT=  9.1%  LQD=  9.1%  IGLB=  9.1%  XOM= 14.7%  SPY=  9.1%  QQQ=  9.1%  VXUS= 10.2%  util=0.166944  Δ=-0.000611
  ★ WINNER: GLD  improvement=+0.001942
────────────────────────────────────────────────────────────────────────
Epoch 8  [startUtility=0.169496  feasible=10]
  USO+1%  USO= 10.1%  GLD= 12.3%  MUB=  9.0%  VCLT=  9.0%  LQD=  9.0%  IGLB=  9.0%  XOM= 14.6%  SPY=  9.0%  QQQ=  9.0%  VXUS=  9.0%  util=0.170528  Δ=+0.001031
  GLD+1%  USO=  9.0%  GLD= 13.4%  MUB=  9.0%  VCLT=  9.0%  LQD=  9.0%  IGLB=  9.0%  XOM= 14.6%  SPY=  9.0%  QQQ=  9.0%  VXUS=  9.0%  util=0.171296  Δ=+0.001800
  MUB+1%  USO=  9.0%  GLD= 12.3%  MUB= 10.1%  VCLT=  9.0%  LQD=  9.0%  IGLB=  9.0%  XOM= 14.6%  SPY=  9.0%  QQQ=  9.0%  VXUS=  9.0%  util=0.167999  Δ=-0.001497
  VCLT+1%  USO=  9.0%  GLD= 12.3%  MUB=  9.0%  VCLT= 10.1%  LQD=  9.0%  IGLB=  9.0%  XOM= 14.6%  SPY=  9.0%  QQQ=  9.0%  VXUS=  9.0%  util=0.167789  Δ=-0.001707
  LQD+1%  USO=  9.0%  GLD= 12.3%  MUB=  9.0%  VCLT=  9.0%  LQD= 10.1%  IGLB=  9.0%  XOM= 14.6%  SPY=  9.0%  QQQ=  9.0%  VXUS=  9.0%  util=0.167986  Δ=-0.001510
  IGLB+1%  USO=  9.0%  GLD= 12.3%  MUB=  9.0%  VCLT=  9.0%  LQD=  9.0%  IGLB= 10.1%  XOM= 14.6%  SPY=  9.0%  QQQ=  9.0%  VXUS=  9.0%  util=0.167802  Δ=-0.001694
  XOM+1%  USO=  9.0%  GLD= 12.3%  MUB=  9.0%  VCLT=  9.0%  LQD=  9.0%  IGLB=  9.0%  XOM= 15.7%  SPY=  9.0%  QQQ=  9.0%  VXUS=  9.0%  util=0.171381  Δ=+0.001885
  SPY+1%  USO=  9.0%  GLD= 12.3%  MUB=  9.0%  VCLT=  9.0%  LQD=  9.0%  IGLB=  9.0%  XOM= 14.6%  SPY= 10.1%  QQQ=  9.0%  VXUS=  9.0%  util=0.169957  Δ=+0.000460
  QQQ+1%  USO=  9.0%  GLD= 12.3%  MUB=  9.0%  VCLT=  9.0%  LQD=  9.0%  IGLB=  9.0%  XOM= 14.6%  SPY=  9.0%  QQQ= 10.1%  VXUS=  9.0%  util=0.170983  Δ=+0.001487
  VXUS+1%  USO=  9.0%  GLD= 12.3%  MUB=  9.0%  VCLT=  9.0%  LQD=  9.0%  IGLB=  9.0%  XOM= 14.6%  SPY=  9.0%  QQQ=  9.0%  VXUS= 10.1%  util=0.168862  Δ=-0.000635
  ★ WINNER: XOM  improvement=+0.001885
────────────────────────────────────────────────────────────────────────
Epoch 9  [startUtility=0.171381  feasible=10]
  USO+1%  USO= 10.0%  GLD= 12.2%  MUB=  8.9%  VCLT=  8.9%  LQD=  8.9%  IGLB=  8.9%  XOM= 15.6%  SPY=  8.9%  QQQ=  8.9%  VXUS=  8.9%  util=0.172287  Δ=+0.000906
  GLD+1%  USO=  8.9%  GLD= 13.3%  MUB=  8.9%  VCLT=  8.9%  LQD=  8.9%  IGLB=  8.9%  XOM= 15.6%  SPY=  8.9%  QQQ=  8.9%  VXUS=  8.9%  util=0.173187  Δ=+0.001806
  MUB+1%  USO=  8.9%  GLD= 12.2%  MUB= 10.0%  VCLT=  8.9%  LQD=  8.9%  IGLB=  8.9%  XOM= 15.6%  SPY=  8.9%  QQQ=  8.9%  VXUS=  8.9%  util=0.169899  Δ=-0.001482
  VCLT+1%  USO=  8.9%  GLD= 12.2%  MUB=  8.9%  VCLT= 10.0%  LQD=  8.9%  IGLB=  8.9%  XOM= 15.6%  SPY=  8.9%  QQQ=  8.9%  VXUS=  8.9%  util=0.169727  Δ=-0.001654
  LQD+1%  USO=  8.9%  GLD= 12.2%  MUB=  8.9%  VCLT=  8.9%  LQD= 10.0%  IGLB=  8.9%  XOM= 15.6%  SPY=  8.9%  QQQ=  8.9%  VXUS=  8.9%  util=0.169911  Δ=-0.001470
  IGLB+1%  USO=  8.9%  GLD= 12.2%  MUB=  8.9%  VCLT=  8.9%  LQD=  8.9%  IGLB= 10.0%  XOM= 15.6%  SPY=  8.9%  QQQ=  8.9%  VXUS=  8.9%  util=0.169740  Δ=-0.001641
  XOM+1%  USO=  8.9%  GLD= 12.2%  MUB=  8.9%  VCLT=  8.9%  LQD=  8.9%  IGLB=  8.9%  XOM= 16.7%  SPY=  8.9%  QQQ=  8.9%  VXUS=  8.9%  util=0.173254  Δ=+0.001873
  SPY+1%  USO=  8.9%  GLD= 12.2%  MUB=  8.9%  VCLT=  8.9%  LQD=  8.9%  IGLB=  8.9%  XOM= 15.6%  SPY= 10.0%  QQQ=  8.9%  VXUS=  8.9%  util=0.171866  Δ=+0.000486
  QQQ+1%  USO=  8.9%  GLD= 12.2%  MUB=  8.9%  VCLT=  8.9%  LQD=  8.9%  IGLB=  8.9%  XOM= 15.6%  SPY=  8.9%  QQQ= 10.0%  VXUS=  8.9%  util=0.172919  Δ=+0.001538
  VXUS+1%  USO=  8.9%  GLD= 12.2%  MUB=  8.9%  VCLT=  8.9%  LQD=  8.9%  IGLB=  8.9%  XOM= 15.6%  SPY=  8.9%  QQQ=  8.9%  VXUS= 10.0%  util=0.170783  Δ=-0.000598
  ★ WINNER: XOM  improvement=+0.001873
────────────────────────────────────────────────────────────────────────
Epoch 10  [startUtility=0.173254  feasible=10]
  USO+1%  USO=  9.9%  GLD= 12.1%  MUB=  8.8%  VCLT=  8.8%  LQD=  8.8%  IGLB=  8.8%  XOM= 16.6%  SPY=  8.8%  QQQ=  8.8%  VXUS=  8.8%  util=0.174113  Δ=+0.000859
  GLD+1%  USO=  8.8%  GLD= 13.2%  MUB=  8.8%  VCLT=  8.8%  LQD=  8.8%  IGLB=  8.8%  XOM= 16.6%  SPY=  8.8%  QQQ=  8.8%  VXUS=  8.8%  util=0.175066  Δ=+0.001812
  MUB+1%  USO=  8.8%  GLD= 12.1%  MUB=  9.9%  VCLT=  8.8%  LQD=  8.8%  IGLB=  8.8%  XOM= 16.6%  SPY=  8.8%  QQQ=  8.8%  VXUS=  8.8%  util=0.171772  Δ=-0.001482
  VCLT+1%  USO=  8.8%  GLD= 12.1%  MUB=  8.8%  VCLT=  9.9%  LQD=  8.8%  IGLB=  8.8%  XOM= 16.6%  SPY=  8.8%  QQQ=  8.8%  VXUS=  8.8%  util=0.171601  Δ=-0.001653
  LQD+1%  USO=  8.8%  GLD= 12.1%  MUB=  8.8%  VCLT=  8.8%  LQD=  9.9%  IGLB=  8.8%  XOM= 16.6%  SPY=  8.8%  QQQ=  8.8%  VXUS=  8.8%  util=0.171778  Δ=-0.001475
  IGLB+1%  USO=  8.8%  GLD= 12.1%  MUB=  8.8%  VCLT=  8.8%  LQD=  8.8%  IGLB=  9.9%  XOM= 16.6%  SPY=  8.8%  QQQ=  8.8%  VXUS=  8.8%  util=0.171614  Δ=-0.001640
  XOM+1%  USO=  8.8%  GLD= 12.1%  MUB=  8.8%  VCLT=  8.8%  LQD=  8.8%  IGLB=  8.8%  XOM= 17.7%  SPY=  8.8%  QQQ=  8.8%  VXUS=  8.8%  util=0.175036  Δ=+0.001782
  SPY+1%  USO=  8.8%  GLD= 12.1%  MUB=  8.8%  VCLT=  8.8%  LQD=  8.8%  IGLB=  8.8%  XOM= 16.6%  SPY=  9.9%  QQQ=  8.8%  VXUS=  8.8%  util=0.173759  Δ=+0.000505
  QQQ+1%  USO=  8.8%  GLD= 12.1%  MUB=  8.8%  VCLT=  8.8%  LQD=  8.8%  IGLB=  8.8%  XOM= 16.6%  SPY=  8.8%  QQQ=  9.9%  VXUS=  8.8%  util=0.174804  Δ=+0.001550
  VXUS+1%  USO=  8.8%  GLD= 12.1%  MUB=  8.8%  VCLT=  8.8%  LQD=  8.8%  IGLB=  8.8%  XOM= 16.6%  SPY=  8.8%  QQQ=  8.8%  VXUS=  9.9%  util=0.172676  Δ=-0.000578
  ★ WINNER: GLD  improvement=+0.001812
────────────────────────────────────────────────────────────────────────
Epoch 11  [startUtility=0.175066  feasible=10]
  USO+1%  USO=  9.8%  GLD= 13.1%  MUB=  8.7%  VCLT=  8.7%  LQD=  8.7%  IGLB=  8.7%  XOM= 16.4%  SPY=  8.7%  QQQ=  8.7%  VXUS=  8.7%  util=0.175991  Δ=+0.000925
  GLD+1%  USO=  8.7%  GLD= 14.2%  MUB=  8.7%  VCLT=  8.7%  LQD=  8.7%  IGLB=  8.7%  XOM= 16.4%  SPY=  8.7%  QQQ=  8.7%  VXUS=  8.7%  util=0.176705  Δ=+0.001639
  MUB+1%  USO=  8.7%  GLD= 13.1%  MUB=  9.8%  VCLT=  8.7%  LQD=  8.7%  IGLB=  8.7%  XOM= 16.4%  SPY=  8.7%  QQQ=  8.7%  VXUS=  8.7%  util=0.173590  Δ=-0.001476
  VCLT+1%  USO=  8.7%  GLD= 13.1%  MUB=  8.7%  VCLT=  9.8%  LQD=  8.7%  IGLB=  8.7%  XOM= 16.4%  SPY=  8.7%  QQQ=  8.7%  VXUS=  8.7%  util=0.173425  Δ=-0.001641
  LQD+1%  USO=  8.7%  GLD= 13.1%  MUB=  8.7%  VCLT=  8.7%  LQD=  9.8%  IGLB=  8.7%  XOM= 16.4%  SPY=  8.7%  QQQ=  8.7%  VXUS=  8.7%  util=0.173592  Δ=-0.001474
  IGLB+1%  USO=  8.7%  GLD= 13.1%  MUB=  8.7%  VCLT=  8.7%  LQD=  8.7%  IGLB=  9.8%  XOM= 16.4%  SPY=  8.7%  QQQ=  8.7%  VXUS=  8.7%  util=0.173437  Δ=-0.001629
  XOM+1%  USO=  8.7%  GLD= 13.1%  MUB=  8.7%  VCLT=  8.7%  LQD=  8.7%  IGLB=  8.7%  XOM= 17.6%  SPY=  8.7%  QQQ=  8.7%  VXUS=  8.7%  util=0.176867  Δ=+0.001801
  SPY+1%  USO=  8.7%  GLD= 13.1%  MUB=  8.7%  VCLT=  8.7%  LQD=  8.7%  IGLB=  8.7%  XOM= 16.4%  SPY=  9.8%  QQQ=  8.7%  VXUS=  8.7%  util=0.175612  Δ=+0.000546
  QQQ+1%  USO=  8.7%  GLD= 13.1%  MUB=  8.7%  VCLT=  8.7%  LQD=  8.7%  IGLB=  8.7%  XOM= 16.4%  SPY=  8.7%  QQQ=  9.8%  VXUS=  8.7%  util=0.176670  Δ=+0.001604
  VXUS+1%  USO=  8.7%  GLD= 13.1%  MUB=  8.7%  VCLT=  8.7%  LQD=  8.7%  IGLB=  8.7%  XOM= 16.4%  SPY=  8.7%  QQQ=  8.7%  VXUS=  9.8%  util=0.174456  Δ=-0.000610
  ★ WINNER: XOM  improvement=+0.001801
────────────────────────────────────────────────────────────────────────
Epoch 12  [startUtility=0.176867  feasible=10]
  USO+1%  USO=  9.7%  GLD= 13.0%  MUB=  8.6%  VCLT=  8.6%  LQD=  8.6%  IGLB=  8.6%  XOM= 17.4%  SPY=  8.6%  QQQ=  8.6%  VXUS=  8.6%  util=0.177663  Δ=+0.000796
  GLD+1%  USO=  8.6%  GLD= 14.1%  MUB=  8.6%  VCLT=  8.6%  LQD=  8.6%  IGLB=  8.6%  XOM= 17.4%  SPY=  8.6%  QQQ=  8.6%  VXUS=  8.6%  util=0.178543  Δ=+0.001675
  MUB+1%  USO=  8.6%  GLD= 13.0%  MUB=  9.7%  VCLT=  8.6%  LQD=  8.6%  IGLB=  8.6%  XOM= 17.4%  SPY=  8.6%  QQQ=  8.6%  VXUS=  8.6%  util=0.175402  Δ=-0.001466
  VCLT+1%  USO=  8.6%  GLD= 13.0%  MUB=  8.6%  VCLT=  9.7%  LQD=  8.6%  IGLB=  8.6%  XOM= 17.4%  SPY=  8.6%  QQQ=  8.6%  VXUS=  8.6%  util=0.175271  Δ=-0.001596
  LQD+1%  USO=  8.6%  GLD= 13.0%  MUB=  8.6%  VCLT=  8.6%  LQD=  9.7%  IGLB=  8.6%  XOM= 17.4%  SPY=  8.6%  QQQ=  8.6%  VXUS=  8.6%  util=0.175425  Δ=-0.001443
  IGLB+1%  USO=  8.6%  GLD= 13.0%  MUB=  8.6%  VCLT=  8.6%  LQD=  8.6%  IGLB=  9.7%  XOM= 17.4%  SPY=  8.6%  QQQ=  8.6%  VXUS=  8.6%  util=0.175283  Δ=-0.001584
  XOM+1%  USO=  8.6%  GLD= 13.0%  MUB=  8.6%  VCLT=  8.6%  LQD=  8.6%  IGLB=  8.6%  XOM= 18.6%  SPY=  8.6%  QQQ=  8.6%  VXUS=  8.6%  util=0.178594  Δ=+0.001726
  SPY+1%  USO=  8.6%  GLD= 13.0%  MUB=  8.6%  VCLT=  8.6%  LQD=  8.6%  IGLB=  8.6%  XOM= 17.4%  SPY=  9.7%  QQQ=  8.6%  VXUS=  8.6%  util=0.177437  Δ=+0.000569
  QQQ+1%  USO=  8.6%  GLD= 13.0%  MUB=  8.6%  VCLT=  8.6%  LQD=  8.6%  IGLB=  8.6%  XOM= 17.4%  SPY=  8.6%  QQQ=  9.7%  VXUS=  8.6%  util=0.178517  Δ=+0.001649
  VXUS+1%  USO=  8.6%  GLD= 13.0%  MUB=  8.6%  VCLT=  8.6%  LQD=  8.6%  IGLB=  8.6%  XOM= 17.4%  SPY=  8.6%  QQQ=  8.6%  VXUS=  9.7%  util=0.176298  Δ=-0.000570
  ★ WINNER: XOM  improvement=+0.001726
────────────────────────────────────────────────────────────────────────
Epoch 13  [startUtility=0.178594  feasible=10]
  USO+1%  USO=  9.6%  GLD= 12.9%  MUB=  8.4%  VCLT=  8.4%  LQD=  8.4%  IGLB=  8.4%  XOM= 18.4%  SPY=  8.4%  QQQ=  8.4%  VXUS=  8.4%  util=0.179243  Δ=+0.000649
  GLD+1%  USO=  8.4%  GLD= 14.0%  MUB=  8.4%  VCLT=  8.4%  LQD=  8.4%  IGLB=  8.4%  XOM= 18.4%  SPY=  8.4%  QQQ=  8.4%  VXUS=  8.4%  util=0.180270  Δ=+0.001676
  MUB+1%  USO=  8.4%  GLD= 12.9%  MUB=  9.6%  VCLT=  8.4%  LQD=  8.4%  IGLB=  8.4%  XOM= 18.4%  SPY=  8.4%  QQQ=  8.4%  VXUS=  8.4%  util=0.177138  Δ=-0.001456
  VCLT+1%  USO=  8.4%  GLD= 12.9%  MUB=  8.4%  VCLT=  9.6%  LQD=  8.4%  IGLB=  8.4%  XOM= 18.4%  SPY=  8.4%  QQQ=  8.4%  VXUS=  8.4%  util=0.177045  Δ=-0.001548
  LQD+1%  USO=  8.4%  GLD= 12.9%  MUB=  8.4%  VCLT=  8.4%  LQD=  9.6%  IGLB=  8.4%  XOM= 18.4%  SPY=  8.4%  QQQ=  8.4%  VXUS=  8.4%  util=0.177181  Δ=-0.001413
  IGLB+1%  USO=  8.4%  GLD= 12.9%  MUB=  8.4%  VCLT=  8.4%  LQD=  8.4%  IGLB=  9.6%  XOM= 18.4%  SPY=  8.4%  QQQ=  8.4%  VXUS=  8.4%  util=0.177057  Δ=-0.001537
  XOM+1%  USO=  8.4%  GLD= 12.9%  MUB=  8.4%  VCLT=  8.4%  LQD=  8.4%  IGLB=  8.4%  XOM= 19.6%  SPY=  8.4%  QQQ=  8.4%  VXUS=  8.4%  util=0.180163  Δ=+0.001569
  SPY+1%  USO=  8.4%  GLD= 12.9%  MUB=  8.4%  VCLT=  8.4%  LQD=  8.4%  IGLB=  8.4%  XOM= 18.4%  SPY=  9.6%  QQQ=  8.4%  VXUS=  8.4%  util=0.179174  Δ=+0.000581
  QQQ+1%  USO=  8.4%  GLD= 12.9%  MUB=  8.4%  VCLT=  8.4%  LQD=  8.4%  IGLB=  8.4%  XOM= 18.4%  SPY=  8.4%  QQQ=  9.6%  VXUS=  8.4%  util=0.180260  Δ=+0.001666
  VXUS+1%  USO=  8.4%  GLD= 12.9%  MUB=  8.4%  VCLT=  8.4%  LQD=  8.4%  IGLB=  8.4%  XOM= 18.4%  SPY=  8.4%  QQQ=  8.4%  VXUS=  9.6%  util=0.178051  Δ=-0.000543
  ★ WINNER: GLD  improvement=+0.001676
────────────────────────────────────────────────────────────────────────
Epoch 14  [startUtility=0.180270  feasible=10]
  USO+1%  USO=  9.4%  GLD= 13.9%  MUB=  8.3%  VCLT=  8.3%  LQD=  8.3%  IGLB=  8.3%  XOM= 18.3%  SPY=  8.3%  QQQ=  8.3%  VXUS=  8.3%  util=0.180978  Δ=+0.000709
  GLD+1%  USO=  8.3%  GLD= 15.0%  MUB=  8.3%  VCLT=  8.3%  LQD=  8.3%  IGLB=  8.3%  XOM= 18.3%  SPY=  8.3%  QQQ=  8.3%  VXUS=  8.3%  util=0.181826  Δ=+0.001557
  MUB+1%  USO=  8.3%  GLD= 13.9%  MUB=  9.4%  VCLT=  8.3%  LQD=  8.3%  IGLB=  8.3%  XOM= 18.3%  SPY=  8.3%  QQQ=  8.3%  VXUS=  8.3%  util=0.178812  Δ=-0.001458
  VCLT+1%  USO=  8.3%  GLD= 13.9%  MUB=  8.3%  VCLT=  9.4%  LQD=  8.3%  IGLB=  8.3%  XOM= 18.3%  SPY=  8.3%  QQQ=  8.3%  VXUS=  8.3%  util=0.178719  Δ=-0.001551
  LQD+1%  USO=  8.3%  GLD= 13.9%  MUB=  8.3%  VCLT=  8.3%  LQD=  9.4%  IGLB=  8.3%  XOM= 18.3%  SPY=  8.3%  QQQ=  8.3%  VXUS=  8.3%  util=0.178849  Δ=-0.001421
  IGLB+1%  USO=  8.3%  GLD= 13.9%  MUB=  8.3%  VCLT=  8.3%  LQD=  8.3%  IGLB=  9.4%  XOM= 18.3%  SPY=  8.3%  QQQ=  8.3%  VXUS=  8.3%  util=0.178730  Δ=-0.001539
  XOM+1%  USO=  8.3%  GLD= 13.9%  MUB=  8.3%  VCLT=  8.3%  LQD=  8.3%  IGLB=  8.3%  XOM= 19.4%  SPY=  8.3%  QQQ=  8.3%  VXUS=  8.3%  util=0.181832  Δ=+0.001563
  SPY+1%  USO=  8.3%  GLD= 13.9%  MUB=  8.3%  VCLT=  8.3%  LQD=  8.3%  IGLB=  8.3%  XOM= 18.3%  SPY=  9.4%  QQQ=  8.3%  VXUS=  8.3%  util=0.180881  Δ=+0.000612
  QQQ+1%  USO=  8.3%  GLD= 13.9%  MUB=  8.3%  VCLT=  8.3%  LQD=  8.3%  IGLB=  8.3%  XOM= 18.3%  SPY=  8.3%  QQQ=  9.4%  VXUS=  8.3%  util=0.181989  Δ=+0.001719
  VXUS+1%  USO=  8.3%  GLD= 13.9%  MUB=  8.3%  VCLT=  8.3%  LQD=  8.3%  IGLB=  8.3%  XOM= 18.3%  SPY=  8.3%  QQQ=  8.3%  VXUS=  9.4%  util=0.179691  Δ=-0.000579
  ★ WINNER: QQQ  improvement=+0.001719
────────────────────────────────────────────────────────────────────────
Epoch 15  [startUtility=0.181989  feasible=10]
  USO+1%  USO=  9.3%  GLD= 13.8%  MUB=  8.2%  VCLT=  8.2%  LQD=  8.2%  IGLB=  8.2%  XOM= 18.2%  SPY=  8.2%  QQQ=  9.3%  VXUS=  8.2%  util=0.182755  Δ=+0.000766
  GLD+1%  USO=  8.2%  GLD= 14.9%  MUB=  8.2%  VCLT=  8.2%  LQD=  8.2%  IGLB=  8.2%  XOM= 18.2%  SPY=  8.2%  QQQ=  9.3%  VXUS=  8.2%  util=0.183583  Δ=+0.001594
  MUB+1%  USO=  8.2%  GLD= 13.8%  MUB=  9.3%  VCLT=  8.2%  LQD=  8.2%  IGLB=  8.2%  XOM= 18.2%  SPY=  8.2%  QQQ=  9.3%  VXUS=  8.2%  util=0.180536  Δ=-0.001453
  VCLT+1%  USO=  8.2%  GLD= 13.8%  MUB=  8.2%  VCLT=  9.3%  LQD=  8.2%  IGLB=  8.2%  XOM= 18.2%  SPY=  8.2%  QQQ=  9.3%  VXUS=  8.2%  util=0.180441  Δ=-0.001548
  LQD+1%  USO=  8.2%  GLD= 13.8%  MUB=  8.2%  VCLT=  8.2%  LQD=  9.3%  IGLB=  8.2%  XOM= 18.2%  SPY=  8.2%  QQQ=  9.3%  VXUS=  8.2%  util=0.180574  Δ=-0.001415
  IGLB+1%  USO=  8.2%  GLD= 13.8%  MUB=  8.2%  VCLT=  8.2%  LQD=  8.2%  IGLB=  9.3%  XOM= 18.2%  SPY=  8.2%  QQQ=  9.3%  VXUS=  8.2%  util=0.180452  Δ=-0.001537
  XOM+1%  USO=  8.2%  GLD= 13.8%  MUB=  8.2%  VCLT=  8.2%  LQD=  8.2%  IGLB=  8.2%  XOM= 19.3%  SPY=  8.2%  QQQ=  9.3%  VXUS=  8.2%  util=0.183621  Δ=+0.001632
  SPY+1%  USO=  8.2%  GLD= 13.8%  MUB=  8.2%  VCLT=  8.2%  LQD=  8.2%  IGLB=  8.2%  XOM= 18.2%  SPY=  9.3%  QQQ=  9.3%  VXUS=  8.2%  util=0.182577  Δ=+0.000588
  QQQ+1%  USO=  8.2%  GLD= 13.8%  MUB=  8.2%  VCLT=  8.2%  LQD=  8.2%  IGLB=  8.2%  XOM= 18.2%  SPY=  8.2%  QQQ= 10.4%  VXUS=  8.2%  util=0.183648  Δ=+0.001659
  VXUS+1%  USO=  8.2%  GLD= 13.8%  MUB=  8.2%  VCLT=  8.2%  LQD=  8.2%  IGLB=  8.2%  XOM= 18.2%  SPY=  8.2%  QQQ=  9.3%  VXUS=  9.3%  util=0.181419  Δ=-0.000570
  ★ WINNER: QQQ  improvement=+0.001659
────────────────────────────────────────────────────────────────────────
Epoch 16  [startUtility=0.183648  feasible=10]
  USO+1%  USO=  9.2%  GLD= 13.7%  MUB=  8.1%  VCLT=  8.1%  LQD=  8.1%  IGLB=  8.1%  XOM= 18.1%  SPY=  8.1%  QQQ= 10.3%  VXUS=  8.1%  util=0.184447  Δ=+0.000800
  GLD+1%  USO=  8.1%  GLD= 14.8%  MUB=  8.1%  VCLT=  8.1%  LQD=  8.1%  IGLB=  8.1%  XOM= 18.1%  SPY=  8.1%  QQQ= 10.3%  VXUS=  8.1%  util=0.185276  Δ=+0.001629
  MUB+1%  USO=  8.1%  GLD= 13.7%  MUB=  9.2%  VCLT=  8.1%  LQD=  8.1%  IGLB=  8.1%  XOM= 18.1%  SPY=  8.1%  QQQ= 10.3%  VXUS=  8.1%  util=0.182193  Δ=-0.001455
  VCLT+1%  USO=  8.1%  GLD= 13.7%  MUB=  8.1%  VCLT=  9.2%  LQD=  8.1%  IGLB=  8.1%  XOM= 18.1%  SPY=  8.1%  QQQ= 10.3%  VXUS=  8.1%  util=0.182073  Δ=-0.001575
  LQD+1%  USO=  8.1%  GLD= 13.7%  MUB=  8.1%  VCLT=  8.1%  LQD=  9.2%  IGLB=  8.1%  XOM= 18.1%  SPY=  8.1%  QQQ= 10.3%  VXUS=  8.1%  util=0.182216  Δ=-0.001431
  IGLB+1%  USO=  8.1%  GLD= 13.7%  MUB=  8.1%  VCLT=  8.1%  LQD=  8.1%  IGLB=  9.2%  XOM= 18.1%  SPY=  8.1%  QQQ= 10.3%  VXUS=  8.1%  util=0.182084  Δ=-0.001563
  XOM+1%  USO=  8.1%  GLD= 13.7%  MUB=  8.1%  VCLT=  8.1%  LQD=  8.1%  IGLB=  8.1%  XOM= 19.2%  SPY=  8.1%  QQQ= 10.3%  VXUS=  8.1%  util=0.185340  Δ=+0.001693
  SPY+1%  USO=  8.1%  GLD= 13.7%  MUB=  8.1%  VCLT=  8.1%  LQD=  8.1%  IGLB=  8.1%  XOM= 18.1%  SPY=  9.2%  QQQ= 10.3%  VXUS=  8.1%  util=0.184200  Δ=+0.000553
  QQQ+1%  USO=  8.1%  GLD= 13.7%  MUB=  8.1%  VCLT=  8.1%  LQD=  8.1%  IGLB=  8.1%  XOM= 18.1%  SPY=  8.1%  QQQ= 11.4%  VXUS=  8.1%  util=0.185261  Δ=+0.001613
  VXUS+1%  USO=  8.1%  GLD= 13.7%  MUB=  8.1%  VCLT=  8.1%  LQD=  8.1%  IGLB=  8.1%  XOM= 18.1%  SPY=  8.1%  QQQ= 10.3%  VXUS=  9.2%  util=0.183078  Δ=-0.000570
  ★ WINNER: XOM  improvement=+0.001693
────────────────────────────────────────────────────────────────────────
Epoch 17  [startUtility=0.185340  feasible=10]
  USO+1%  USO=  9.1%  GLD= 13.6%  MUB=  8.0%  VCLT=  8.0%  LQD=  8.0%  IGLB=  8.0%  XOM= 19.1%  SPY=  8.0%  QQQ= 10.2%  VXUS=  8.0%  util=0.186041  Δ=+0.000701
  GLD+1%  USO=  8.0%  GLD= 14.7%  MUB=  8.0%  VCLT=  8.0%  LQD=  8.0%  IGLB=  8.0%  XOM= 19.1%  SPY=  8.0%  QQQ= 10.2%  VXUS=  8.0%  util=0.186984  Δ=+0.001644
  MUB+1%  USO=  8.0%  GLD= 13.6%  MUB=  9.1%  VCLT=  8.0%  LQD=  8.0%  IGLB=  8.0%  XOM= 19.1%  SPY=  8.0%  QQQ= 10.2%  VXUS=  8.0%  util=0.183894  Δ=-0.001446
  VCLT+1%  USO=  8.0%  GLD= 13.6%  MUB=  8.0%  VCLT=  9.1%  LQD=  8.0%  IGLB=  8.0%  XOM= 19.1%  SPY=  8.0%  QQQ= 10.2%  VXUS=  8.0%  util=0.183820  Δ=-0.001520
  LQD+1%  USO=  8.0%  GLD= 13.6%  MUB=  8.0%  VCLT=  8.0%  LQD=  9.1%  IGLB=  8.0%  XOM= 19.1%  SPY=  8.0%  QQQ= 10.2%  VXUS=  8.0%  util=0.183943  Δ=-0.001397
  IGLB+1%  USO=  8.0%  GLD= 13.6%  MUB=  8.0%  VCLT=  8.0%  LQD=  8.0%  IGLB=  9.1%  XOM= 19.1%  SPY=  8.0%  QQQ= 10.2%  VXUS=  8.0%  util=0.183831  Δ=-0.001509
  XOM+1%  USO=  8.0%  GLD= 13.6%  MUB=  8.0%  VCLT=  8.0%  LQD=  8.0%  IGLB=  8.0%  XOM= 20.2%  SPY=  8.0%  QQQ= 10.2%  VXUS=  8.0%  util=0.186931  Δ=+0.001591
  SPY+1%  USO=  8.0%  GLD= 13.6%  MUB=  8.0%  VCLT=  8.0%  LQD=  8.0%  IGLB=  8.0%  XOM= 19.1%  SPY=  9.1%  QQQ= 10.2%  VXUS=  8.0%  util=0.185919  Δ=+0.000579
  QQQ+1%  USO=  8.0%  GLD= 13.6%  MUB=  8.0%  VCLT=  8.0%  LQD=  8.0%  IGLB=  8.0%  XOM= 19.1%  SPY=  8.0%  QQQ= 11.3%  VXUS=  8.0%  util=0.186986  Δ=+0.001646
  VXUS+1%  USO=  8.0%  GLD= 13.6%  MUB=  8.0%  VCLT=  8.0%  LQD=  8.0%  IGLB=  8.0%  XOM= 19.1%  SPY=  8.0%  QQQ= 10.2%  VXUS=  9.1%  util=0.184794  Δ=-0.000547
  ★ WINNER: QQQ  improvement=+0.001646
────────────────────────────────────────────────────────────────────────
Epoch 18  [startUtility=0.186986  feasible=10]
  USO+1%  USO=  9.0%  GLD= 13.4%  MUB=  7.9%  VCLT=  7.9%  LQD=  7.9%  IGLB=  7.9%  XOM= 19.0%  SPY=  7.9%  QQQ= 11.2%  VXUS=  7.9%  util=0.187692  Δ=+0.000706
  GLD+1%  USO=  7.9%  GLD= 14.6%  MUB=  7.9%  VCLT=  7.9%  LQD=  7.9%  IGLB=  7.9%  XOM= 19.0%  SPY=  7.9%  QQQ= 11.2%  VXUS=  7.9%  util=0.188668  Δ=+0.001681
  MUB+1%  USO=  7.9%  GLD= 13.4%  MUB=  9.0%  VCLT=  7.9%  LQD=  7.9%  IGLB=  7.9%  XOM= 19.0%  SPY=  7.9%  QQQ= 11.2%  VXUS=  7.9%  util=0.185543  Δ=-0.001443
  VCLT+1%  USO=  7.9%  GLD= 13.4%  MUB=  7.9%  VCLT=  9.0%  LQD=  7.9%  IGLB=  7.9%  XOM= 19.0%  SPY=  7.9%  QQQ= 11.2%  VXUS=  7.9%  util=0.185439  Δ=-0.001548
  LQD+1%  USO=  7.9%  GLD= 13.4%  MUB=  7.9%  VCLT=  7.9%  LQD=  9.0%  IGLB=  7.9%  XOM= 19.0%  SPY=  7.9%  QQQ= 11.2%  VXUS=  7.9%  util=0.185577  Δ=-0.001409
  IGLB+1%  USO=  7.9%  GLD= 13.4%  MUB=  7.9%  VCLT=  7.9%  LQD=  7.9%  IGLB=  9.0%  XOM= 19.0%  SPY=  7.9%  QQQ= 11.2%  VXUS=  7.9%  util=0.185450  Δ=-0.001536
  XOM+1%  USO=  7.9%  GLD= 13.4%  MUB=  7.9%  VCLT=  7.9%  LQD=  7.9%  IGLB=  7.9%  XOM= 20.1%  SPY=  7.9%  QQQ= 11.2%  VXUS=  7.9%  util=0.188624  Δ=+0.001638
  SPY+1%  USO=  7.9%  GLD= 13.4%  MUB=  7.9%  VCLT=  7.9%  LQD=  7.9%  IGLB=  7.9%  XOM= 19.0%  SPY=  9.0%  QQQ= 11.2%  VXUS=  7.9%  util=0.187509  Δ=+0.000523
  QQQ+1%  USO=  7.9%  GLD= 13.4%  MUB=  7.9%  VCLT=  7.9%  LQD=  7.9%  IGLB=  7.9%  XOM= 19.0%  SPY=  7.9%  QQQ= 12.3%  VXUS=  7.9%  util=0.188556  Δ=+0.001569
  VXUS+1%  USO=  7.9%  GLD= 13.4%  MUB=  7.9%  VCLT=  7.9%  LQD=  7.9%  IGLB=  7.9%  XOM= 19.0%  SPY=  7.9%  QQQ= 11.2%  VXUS=  9.0%  util=0.186465  Δ=-0.000521
  ★ WINNER: GLD  improvement=+0.001681
────────────────────────────────────────────────────────────────────────
Epoch 19  [startUtility=0.188668  feasible=10]
  USO+1%  USO=  8.9%  GLD= 14.4%  MUB=  7.8%  VCLT=  7.8%  LQD=  7.8%  IGLB=  7.8%  XOM= 18.9%  SPY=  7.8%  QQQ= 11.1%  VXUS=  7.8%  util=0.189460  Δ=+0.000793
  GLD+1%  USO=  7.8%  GLD= 15.6%  MUB=  7.8%  VCLT=  7.8%  LQD=  7.8%  IGLB=  7.8%  XOM= 18.9%  SPY=  7.8%  QQQ= 11.1%  VXUS=  7.8%  util=0.190221  Δ=+0.001554
  MUB+1%  USO=  7.8%  GLD= 14.4%  MUB=  8.9%  VCLT=  7.8%  LQD=  7.8%  IGLB=  7.8%  XOM= 18.9%  SPY=  7.8%  QQQ= 11.1%  VXUS=  7.8%  util=0.187228  Δ=-0.001440
  VCLT+1%  USO=  7.8%  GLD= 14.4%  MUB=  7.8%  VCLT=  8.9%  LQD=  7.8%  IGLB=  7.8%  XOM= 18.9%  SPY=  7.8%  QQQ= 11.1%  VXUS=  7.8%  util=0.187137  Δ=-0.001530
  LQD+1%  USO=  7.8%  GLD= 14.4%  MUB=  7.8%  VCLT=  7.8%  LQD=  8.9%  IGLB=  7.8%  XOM= 18.9%  SPY=  7.8%  QQQ= 11.1%  VXUS=  7.8%  util=0.187257  Δ=-0.001410
  IGLB+1%  USO=  7.8%  GLD= 14.4%  MUB=  7.8%  VCLT=  7.8%  LQD=  7.8%  IGLB=  8.9%  XOM= 18.9%  SPY=  7.8%  QQQ= 11.1%  VXUS=  7.8%  util=0.187148  Δ=-0.001519
  XOM+1%  USO=  7.8%  GLD= 14.4%  MUB=  7.8%  VCLT=  7.8%  LQD=  7.8%  IGLB=  7.8%  XOM= 20.0%  SPY=  7.8%  QQQ= 11.1%  VXUS=  7.8%  util=0.190308  Δ=+0.001640
  SPY+1%  USO=  7.8%  GLD= 14.4%  MUB=  7.8%  VCLT=  7.8%  LQD=  7.8%  IGLB=  7.8%  XOM= 18.9%  SPY=  8.9%  QQQ= 11.1%  VXUS=  7.8%  util=0.189262  Δ=+0.000594
  QQQ+1%  USO=  7.8%  GLD= 14.4%  MUB=  7.8%  VCLT=  7.8%  LQD=  7.8%  IGLB=  7.8%  XOM= 18.9%  SPY=  7.8%  QQQ= 12.2%  VXUS=  7.8%  util=0.190299  Δ=+0.001631
  VXUS+1%  USO=  7.8%  GLD= 14.4%  MUB=  7.8%  VCLT=  7.8%  LQD=  7.8%  IGLB=  7.8%  XOM= 18.9%  SPY=  7.8%  QQQ= 11.1%  VXUS=  8.9%  util=0.188098  Δ=-0.000569
  ★ WINNER: XOM  improvement=+0.001640
────────────────────────────────────────────────────────────────────────
Epoch 20  [startUtility=0.190308  feasible=10]
  USO+1%  USO=  8.8%  GLD= 14.3%  MUB=  7.7%  VCLT=  7.7%  LQD=  7.7%  IGLB=  7.7%  XOM= 19.9%  SPY=  7.7%  QQQ= 11.0%  VXUS=  7.7%  util=0.191036  Δ=+0.000728
  GLD+1%  USO=  7.7%  GLD= 15.4%  MUB=  7.7%  VCLT=  7.7%  LQD=  7.7%  IGLB=  7.7%  XOM= 19.9%  SPY=  7.7%  QQQ= 11.0%  VXUS=  7.7%  util=0.191904  Δ=+0.001596
  MUB+1%  USO=  7.7%  GLD= 14.3%  MUB=  8.8%  VCLT=  7.7%  LQD=  7.7%  IGLB=  7.7%  XOM= 19.9%  SPY=  7.7%  QQQ= 11.0%  VXUS=  7.7%  util=0.188879  Δ=-0.001429
  VCLT+1%  USO=  7.7%  GLD= 14.3%  MUB=  7.7%  VCLT=  8.8%  LQD=  7.7%  IGLB=  7.7%  XOM= 19.9%  SPY=  7.7%  QQQ= 11.0%  VXUS=  7.7%  util=0.188818  Δ=-0.001490
  LQD+1%  USO=  7.7%  GLD= 14.3%  MUB=  7.7%  VCLT=  7.7%  LQD=  8.8%  IGLB=  7.7%  XOM= 19.9%  SPY=  7.7%  QQQ= 11.0%  VXUS=  7.7%  util=0.188931  Δ=-0.001377
  IGLB+1%  USO=  7.7%  GLD= 14.3%  MUB=  7.7%  VCLT=  7.7%  LQD=  7.7%  IGLB=  8.8%  XOM= 19.9%  SPY=  7.7%  QQQ= 11.0%  VXUS=  7.7%  util=0.188828  Δ=-0.001480
  XOM+1%  USO=  7.7%  GLD= 14.3%  MUB=  7.7%  VCLT=  7.7%  LQD=  7.7%  IGLB=  7.7%  XOM= 21.0%  SPY=  7.7%  QQQ= 11.0%  VXUS=  7.7%  util=0.191877  Δ=+0.001569
  SPY+1%  USO=  7.7%  GLD= 14.3%  MUB=  7.7%  VCLT=  7.7%  LQD=  7.7%  IGLB=  7.7%  XOM= 19.9%  SPY=  8.8%  QQQ= 11.0%  VXUS=  7.7%  util=0.190919  Δ=+0.000611
  QQQ+1%  USO=  7.7%  GLD= 14.3%  MUB=  7.7%  VCLT=  7.7%  LQD=  7.7%  IGLB=  7.7%  XOM= 19.9%  SPY=  7.7%  QQQ= 12.1%  VXUS=  7.7%  util=0.192018  Δ=+0.001710
  VXUS+1%  USO=  7.7%  GLD= 14.3%  MUB=  7.7%  VCLT=  7.7%  LQD=  7.7%  IGLB=  7.7%  XOM= 19.9%  SPY=  7.7%  QQQ= 11.0%  VXUS=  8.8%  util=0.189753  Δ=-0.000555
  ★ WINNER: QQQ  improvement=+0.001710
────────────────────────────────────────────────────────────────────────
Epoch 21  [startUtility=0.192018  feasible=10]
  USO+1%  USO=  8.7%  GLD= 14.2%  MUB=  7.6%  VCLT=  7.6%  LQD=  7.6%  IGLB=  7.6%  XOM= 19.8%  SPY=  7.6%  QQQ= 12.0%  VXUS=  7.6%  util=0.192718  Δ=+0.000700
  GLD+1%  USO=  7.6%  GLD= 15.3%  MUB=  7.6%  VCLT=  7.6%  LQD=  7.6%  IGLB=  7.6%  XOM= 19.8%  SPY=  7.6%  QQQ= 12.0%  VXUS=  7.6%  util=0.193596  Δ=+0.001578
  MUB+1%  USO=  7.6%  GLD= 14.2%  MUB=  8.7%  VCLT=  7.6%  LQD=  7.6%  IGLB=  7.6%  XOM= 19.8%  SPY=  7.6%  QQQ= 12.0%  VXUS=  7.6%  util=0.190581  Δ=-0.001437
  VCLT+1%  USO=  7.6%  GLD= 14.2%  MUB=  7.6%  VCLT=  8.7%  LQD=  7.6%  IGLB=  7.6%  XOM= 19.8%  SPY=  7.6%  QQQ= 12.0%  VXUS=  7.6%  util=0.190491  Δ=-0.001527
  LQD+1%  USO=  7.6%  GLD= 14.2%  MUB=  7.6%  VCLT=  7.6%  LQD=  8.7%  IGLB=  7.6%  XOM= 19.8%  SPY=  7.6%  QQQ= 12.0%  VXUS=  7.6%  util=0.190616  Δ=-0.001402
  IGLB+1%  USO=  7.6%  GLD= 14.2%  MUB=  7.6%  VCLT=  7.6%  LQD=  7.6%  IGLB=  8.7%  XOM= 19.8%  SPY=  7.6%  QQQ= 12.0%  VXUS=  7.6%  util=0.190503  Δ=-0.001515
  XOM+1%  USO=  7.6%  GLD= 14.2%  MUB=  7.6%  VCLT=  7.6%  LQD=  7.6%  IGLB=  7.6%  XOM= 20.9%  SPY=  7.6%  QQQ= 12.0%  VXUS=  7.6%  util=0.193578  Δ=+0.001560
  SPY+1%  USO=  7.6%  GLD= 14.2%  MUB=  7.6%  VCLT=  7.6%  LQD=  7.6%  IGLB=  7.6%  XOM= 19.8%  SPY=  8.7%  QQQ= 12.0%  VXUS=  7.6%  util=0.192589  Δ=+0.000571
  QQQ+1%  USO=  7.6%  GLD= 14.2%  MUB=  7.6%  VCLT=  7.6%  LQD=  7.6%  IGLB=  7.6%  XOM= 19.8%  SPY=  7.6%  QQQ= 13.1%  VXUS=  7.6%  util=0.193622  Δ=+0.001604
  VXUS+1%  USO=  7.6%  GLD= 14.2%  MUB=  7.6%  VCLT=  7.6%  LQD=  7.6%  IGLB=  7.6%  XOM= 19.8%  SPY=  7.6%  QQQ= 12.0%  VXUS=  8.7%  util=0.191462  Δ=-0.000557
  ★ WINNER: QQQ  improvement=+0.001604
────────────────────────────────────────────────────────────────────────
Epoch 22  [startUtility=0.193622  feasible=10]
  USO+1%  USO=  8.6%  GLD= 14.1%  MUB=  7.4%  VCLT=  7.4%  LQD=  7.4%  IGLB=  7.4%  XOM= 19.7%  SPY=  7.4%  QQQ= 13.0%  VXUS=  7.4%  util=0.194350  Δ=+0.000729
  GLD+1%  USO=  7.4%  GLD= 15.2%  MUB=  7.4%  VCLT=  7.4%  LQD=  7.4%  IGLB=  7.4%  XOM= 19.7%  SPY=  7.4%  QQQ= 13.0%  VXUS=  7.4%  util=0.195263  Δ=+0.001641
  MUB+1%  USO=  7.4%  GLD= 14.1%  MUB=  8.6%  VCLT=  7.4%  LQD=  7.4%  IGLB=  7.4%  XOM= 19.7%  SPY=  7.4%  QQQ= 13.0%  VXUS=  7.4%  util=0.192192  Δ=-0.001430
  VCLT+1%  USO=  7.4%  GLD= 14.1%  MUB=  7.4%  VCLT=  8.6%  LQD=  7.4%  IGLB=  7.4%  XOM= 19.7%  SPY=  7.4%  QQQ= 13.0%  VXUS=  7.4%  util=0.192088  Δ=-0.001534
  LQD+1%  USO=  7.4%  GLD= 14.1%  MUB=  7.4%  VCLT=  7.4%  LQD=  8.6%  IGLB=  7.4%  XOM= 19.7%  SPY=  7.4%  QQQ= 13.0%  VXUS=  7.4%  util=0.192222  Δ=-0.001400
